/home/swlab-jueon/swvul/tools/java-vuln-detection/slicing/output/CPG/c/cwe400_cpg/cwe400-1-cpg-resolved.bin	tc1_flow1	CWE400_Resource_Exhaustion__connect_socket_for_loop_01.c	68	CWE400_Resource_Exhaustion__connect_socket_for_loop_01.c	108
/home/swlab-jueon/swvul/tools/java-vuln-detection/slicing/output/CPG/c/cwe400_cpg/cwe400-1-cpg-resolved.bin	tc1_flow2	CWE400_Resource_Exhaustion__connect_socket_for_loop_01.c	162	CWE400_Resource_Exhaustion__connect_socket_for_loop_01.c	202
/home/swlab-jueon/swvul/tools/java-vuln-detection/slicing/output/CPG/c/cwe400_cpg/cwe400-1-cpg-resolved.bin	tc1_flow3	CWE400_Resource_Exhaustion__connect_socket_for_loop_01.c	126	CWE400_Resource_Exhaustion__connect_socket_for_loop_01.c	130
/home/swlab-jueon/swvul/tools/java-vuln-detection/slicing/output/CPG/c/cwe400_cpg/cwe400-2-cpg-resolved.bin	tc2_flow1	CWE400_Resource_Exhaustion__connect_socket_for_loop_02.c	70	CWE400_Resource_Exhaustion__connect_socket_for_loop_02.c	113
/home/swlab-jueon/swvul/tools/java-vuln-detection/slicing/output/CPG/c/cwe400_cpg/cwe400-2-cpg-resolved.bin	tc2_flow2	CWE400_Resource_Exhaustion__connect_socket_for_loop_02.c	152	CWE400_Resource_Exhaustion__connect_socket_for_loop_02.c	200
/home/swlab-jueon/swvul/tools/java-vuln-detection/slicing/output/CPG/c/cwe400_cpg/cwe400-2-cpg-resolved.bin	tc2_flow3	CWE400_Resource_Exhaustion__connect_socket_for_loop_02.c	238	CWE400_Resource_Exhaustion__connect_socket_for_loop_02.c	281
/home/swlab-jueon/swvul/tools/java-vuln-detection/slicing/output/CPG/c/cwe400_cpg/cwe400-2-cpg-resolved.bin	tc2_flow4	CWE400_Resource_Exhaustion__connect_socket_for_loop_02.c	306	CWE400_Resource_Exhaustion__connect_socket_for_loop_02.c	313
/home/swlab-jueon/swvul/tools/java-vuln-detection/slicing/output/CPG/c/cwe400_cpg/cwe400-2-cpg-resolved.bin	tc2_flow5	CWE400_Resource_Exhaustion__connect_socket_for_loop_02.c	330	CWE400_Resource_Exhaustion__connect_socket_for_loop_02.c	337
/home/swlab-jueon/swvul/tools/java-vuln-detection/slicing/output/CPG/c/cwe400_cpg/cwe400-3-cpg-resolved.bin	tc3_flow1	CWE400_Resource_Exhaustion__connect_socket_for_loop_03.c	70	CWE400_Resource_Exhaustion__connect_socket_for_loop_03.c	113
/home/swlab-jueon/swvul/tools/java-vuln-detection/slicing/output/CPG/c/cwe400_cpg/cwe400-3-cpg-resolved.bin	tc3_flow2	CWE400_Resource_Exhaustion__connect_socket_for_loop_03.c	152	CWE400_Resource_Exhaustion__connect_socket_for_loop_03.c	200
/home/swlab-jueon/swvul/tools/java-vuln-detection/slicing/output/CPG/c/cwe400_cpg/cwe400-3-cpg-resolved.bin	tc3_flow3	CWE400_Resource_Exhaustion__connect_socket_for_loop_03.c	238	CWE400_Resource_Exhaustion__connect_socket_for_loop_03.c	281
/home/swlab-jueon/swvul/tools/java-vuln-detection/slicing/output/CPG/c/cwe400_cpg/cwe400-3-cpg-resolved.bin	tc3_flow4	CWE400_Resource_Exhaustion__connect_socket_for_loop_03.c	306	CWE400_Resource_Exhaustion__connect_socket_for_loop_03.c	313
/home/swlab-jueon/swvul/tools/java-vuln-detection/slicing/output/CPG/c/cwe400_cpg/cwe400-3-cpg-resolved.bin	tc3_flow5	CWE400_Resource_Exhaustion__connect_socket_for_loop_03.c	330	CWE400_Resource_Exhaustion__connect_socket_for_loop_03.c	337
/home/swlab-jueon/swvul/tools/java-vuln-detection/slicing/output/CPG/c/cwe400_cpg/cwe400-4-cpg-resolved.bin	tc4_flow1	CWE400_Resource_Exhaustion__connect_socket_for_loop_04.c	76	CWE400_Resource_Exhaustion__connect_socket_for_loop_04.c	119
/home/swlab-jueon/swvul/tools/java-vuln-detection/slicing/output/CPG/c/cwe400_cpg/cwe400-4-cpg-resolved.bin	tc4_flow2	CWE400_Resource_Exhaustion__connect_socket_for_loop_04.c	158	CWE400_Resource_Exhaustion__connect_socket_for_loop_04.c	206
/home/swlab-jueon/swvul/tools/java-vuln-detection/slicing/output/CPG/c/cwe400_cpg/cwe400-4-cpg-resolved.bin	tc4_flow3	CWE400_Resource_Exhaustion__connect_socket_for_loop_04.c	244	CWE400_Resource_Exhaustion__connect_socket_for_loop_04.c	287
/home/swlab-jueon/swvul/tools/java-vuln-detection/slicing/output/CPG/c/cwe400_cpg/cwe400-4-cpg-resolved.bin	tc4_flow4	CWE400_Resource_Exhaustion__connect_socket_for_loop_04.c	312	CWE400_Resource_Exhaustion__connect_socket_for_loop_04.c	319
/home/swlab-jueon/swvul/tools/java-vuln-detection/slicing/output/CPG/c/cwe400_cpg/cwe400-4-cpg-resolved.bin	tc4_flow5	CWE400_Resource_Exhaustion__connect_socket_for_loop_04.c	336	CWE400_Resource_Exhaustion__connect_socket_for_loop_04.c	343
/home/swlab-jueon/swvul/tools/java-vuln-detection/slicing/output/CPG/c/cwe400_cpg/cwe400-5-cpg-resolved.bin	tc5_flow1	CWE400_Resource_Exhaustion__connect_socket_for_loop_05.c	76	CWE400_Resource_Exhaustion__connect_socket_for_loop_05.c	119
/home/swlab-jueon/swvul/tools/java-vuln-detection/slicing/output/CPG/c/cwe400_cpg/cwe400-5-cpg-resolved.bin	tc5_flow2	CWE400_Resource_Exhaustion__connect_socket_for_loop_05.c	158	CWE400_Resource_Exhaustion__connect_socket_for_loop_05.c	206
/home/swlab-jueon/swvul/tools/java-vuln-detection/slicing/output/CPG/c/cwe400_cpg/cwe400-5-cpg-resolved.bin	tc5_flow3	CWE400_Resource_Exhaustion__connect_socket_for_loop_05.c	244	CWE400_Resource_Exhaustion__connect_socket_for_loop_05.c	287
/home/swlab-jueon/swvul/tools/java-vuln-detection/slicing/output/CPG/c/cwe400_cpg/cwe400-5-cpg-resolved.bin	tc5_flow4	CWE400_Resource_Exhaustion__connect_socket_for_loop_05.c	312	CWE400_Resource_Exhaustion__connect_socket_for_loop_05.c	319
/home/swlab-jueon/swvul/tools/java-vuln-detection/slicing/output/CPG/c/cwe400_cpg/cwe400-5-cpg-resolved.bin	tc5_flow5	CWE400_Resource_Exhaustion__connect_socket_for_loop_05.c	336	CWE400_Resource_Exhaustion__connect_socket_for_loop_05.c	343
/home/swlab-jueon/swvul/tools/java-vuln-detection/slicing/output/CPG/c/cwe400_cpg/cwe400-6-cpg-resolved.bin	tc6_flow1	CWE400_Resource_Exhaustion__connect_socket_for_loop_06.c	75	CWE400_Resource_Exhaustion__connect_socket_for_loop_06.c	118
/home/swlab-jueon/swvul/tools/java-vuln-detection/slicing/output/CPG/c/cwe400_cpg/cwe400-6-cpg-resolved.bin	tc6_flow2	CWE400_Resource_Exhaustion__connect_socket_for_loop_06.c	157	CWE400_Resource_Exhaustion__connect_socket_for_loop_06.c	205
/home/swlab-jueon/swvul/tools/java-vuln-detection/slicing/output/CPG/c/cwe400_cpg/cwe400-6-cpg-resolved.bin	tc6_flow3	CWE400_Resource_Exhaustion__connect_socket_for_loop_06.c	243	CWE400_Resource_Exhaustion__connect_socket_for_loop_06.c	286
/home/swlab-jueon/swvul/tools/java-vuln-detection/slicing/output/CPG/c/cwe400_cpg/cwe400-6-cpg-resolved.bin	tc6_flow4	CWE400_Resource_Exhaustion__connect_socket_for_loop_06.c	311	CWE400_Resource_Exhaustion__connect_socket_for_loop_06.c	318
/home/swlab-jueon/swvul/tools/java-vuln-detection/slicing/output/CPG/c/cwe400_cpg/cwe400-6-cpg-resolved.bin	tc6_flow5	CWE400_Resource_Exhaustion__connect_socket_for_loop_06.c	335	CWE400_Resource_Exhaustion__connect_socket_for_loop_06.c	342
/home/swlab-jueon/swvul/tools/java-vuln-detection/slicing/output/CPG/c/cwe400_cpg/cwe400-7-cpg-resolved.bin	tc7_flow1	CWE400_Resource_Exhaustion__connect_socket_for_loop_07.c	75	CWE400_Resource_Exhaustion__connect_socket_for_loop_07.c	118
/home/swlab-jueon/swvul/tools/java-vuln-detection/slicing/output/CPG/c/cwe400_cpg/cwe400-7-cpg-resolved.bin	tc7_flow2	CWE400_Resource_Exhaustion__connect_socket_for_loop_07.c	157	CWE400_Resource_Exhaustion__connect_socket_for_loop_07.c	205
/home/swlab-jueon/swvul/tools/java-vuln-detection/slicing/output/CPG/c/cwe400_cpg/cwe400-7-cpg-resolved.bin	tc7_flow3	CWE400_Resource_Exhaustion__connect_socket_for_loop_07.c	243	CWE400_Resource_Exhaustion__connect_socket_for_loop_07.c	286
/home/swlab-jueon/swvul/tools/java-vuln-detection/slicing/output/CPG/c/cwe400_cpg/cwe400-7-cpg-resolved.bin	tc7_flow4	CWE400_Resource_Exhaustion__connect_socket_for_loop_07.c	311	CWE400_Resource_Exhaustion__connect_socket_for_loop_07.c	318
/home/swlab-jueon/swvul/tools/java-vuln-detection/slicing/output/CPG/c/cwe400_cpg/cwe400-7-cpg-resolved.bin	tc7_flow5	CWE400_Resource_Exhaustion__connect_socket_for_loop_07.c	335	CWE400_Resource_Exhaustion__connect_socket_for_loop_07.c	342
/home/swlab-jueon/swvul/tools/java-vuln-detection/slicing/output/CPG/c/cwe400_cpg/cwe400-8-cpg-resolved.bin	tc8_flow1	CWE400_Resource_Exhaustion__connect_socket_for_loop_08.c	83	CWE400_Resource_Exhaustion__connect_socket_for_loop_08.c	126
/home/swlab-jueon/swvul/tools/java-vuln-detection/slicing/output/CPG/c/cwe400_cpg/cwe400-8-cpg-resolved.bin	tc8_flow2	CWE400_Resource_Exhaustion__connect_socket_for_loop_08.c	165	CWE400_Resource_Exhaustion__connect_socket_for_loop_08.c	213
/home/swlab-jueon/swvul/tools/java-vuln-detection/slicing/output/CPG/c/cwe400_cpg/cwe400-8-cpg-resolved.bin	tc8_flow3	CWE400_Resource_Exhaustion__connect_socket_for_loop_08.c	251	CWE400_Resource_Exhaustion__connect_socket_for_loop_08.c	294
/home/swlab-jueon/swvul/tools/java-vuln-detection/slicing/output/CPG/c/cwe400_cpg/cwe400-8-cpg-resolved.bin	tc8_flow4	CWE400_Resource_Exhaustion__connect_socket_for_loop_08.c	319	CWE400_Resource_Exhaustion__connect_socket_for_loop_08.c	326
/home/swlab-jueon/swvul/tools/java-vuln-detection/slicing/output/CPG/c/cwe400_cpg/cwe400-8-cpg-resolved.bin	tc8_flow5	CWE400_Resource_Exhaustion__connect_socket_for_loop_08.c	343	CWE400_Resource_Exhaustion__connect_socket_for_loop_08.c	350
/home/swlab-jueon/swvul/tools/java-vuln-detection/slicing/output/CPG/c/cwe400_cpg/cwe400-9-cpg-resolved.bin	tc9_flow1	CWE400_Resource_Exhaustion__connect_socket_for_loop_09.c	70	CWE400_Resource_Exhaustion__connect_socket_for_loop_09.c	113
/home/swlab-jueon/swvul/tools/java-vuln-detection/slicing/output/CPG/c/cwe400_cpg/cwe400-9-cpg-resolved.bin	tc9_flow2	CWE400_Resource_Exhaustion__connect_socket_for_loop_09.c	152	CWE400_Resource_Exhaustion__connect_socket_for_loop_09.c	200
/home/swlab-jueon/swvul/tools/java-vuln-detection/slicing/output/CPG/c/cwe400_cpg/cwe400-9-cpg-resolved.bin	tc9_flow3	CWE400_Resource_Exhaustion__connect_socket_for_loop_09.c	238	CWE400_Resource_Exhaustion__connect_socket_for_loop_09.c	281
/home/swlab-jueon/swvul/tools/java-vuln-detection/slicing/output/CPG/c/cwe400_cpg/cwe400-9-cpg-resolved.bin	tc9_flow4	CWE400_Resource_Exhaustion__connect_socket_for_loop_09.c	306	CWE400_Resource_Exhaustion__connect_socket_for_loop_09.c	313
/home/swlab-jueon/swvul/tools/java-vuln-detection/slicing/output/CPG/c/cwe400_cpg/cwe400-9-cpg-resolved.bin	tc9_flow5	CWE400_Resource_Exhaustion__connect_socket_for_loop_09.c	330	CWE400_Resource_Exhaustion__connect_socket_for_loop_09.c	337
/home/swlab-jueon/swvul/tools/java-vuln-detection/slicing/output/CPG/c/cwe400_cpg/cwe400-10-cpg-resolved.bin	tc10_flow1	CWE400_Resource_Exhaustion__connect_socket_for_loop_10.c	70	CWE400_Resource_Exhaustion__connect_socket_for_loop_10.c	113
/home/swlab-jueon/swvul/tools/java-vuln-detection/slicing/output/CPG/c/cwe400_cpg/cwe400-10-cpg-resolved.bin	tc10_flow2	CWE400_Resource_Exhaustion__connect_socket_for_loop_10.c	152	CWE400_Resource_Exhaustion__connect_socket_for_loop_10.c	200
/home/swlab-jueon/swvul/tools/java-vuln-detection/slicing/output/CPG/c/cwe400_cpg/cwe400-10-cpg-resolved.bin	tc10_flow3	CWE400_Resource_Exhaustion__connect_socket_for_loop_10.c	238	CWE400_Resource_Exhaustion__connect_socket_for_loop_10.c	281
/home/swlab-jueon/swvul/tools/java-vuln-detection/slicing/output/CPG/c/cwe400_cpg/cwe400-10-cpg-resolved.bin	tc10_flow4	CWE400_Resource_Exhaustion__connect_socket_for_loop_10.c	306	CWE400_Resource_Exhaustion__connect_socket_for_loop_10.c	313
/home/swlab-jueon/swvul/tools/java-vuln-detection/slicing/output/CPG/c/cwe400_cpg/cwe400-10-cpg-resolved.bin	tc10_flow5	CWE400_Resource_Exhaustion__connect_socket_for_loop_10.c	330	CWE400_Resource_Exhaustion__connect_socket_for_loop_10.c	337
/home/swlab-jueon/swvul/tools/java-vuln-detection/slicing/output/CPG/c/cwe400_cpg/cwe400-11-cpg-resolved.bin	tc11_flow1	CWE400_Resource_Exhaustion__connect_socket_for_loop_11.c	70	CWE400_Resource_Exhaustion__connect_socket_for_loop_11.c	113
/home/swlab-jueon/swvul/tools/java-vuln-detection/slicing/output/CPG/c/cwe400_cpg/cwe400-11-cpg-resolved.bin	tc11_flow2	CWE400_Resource_Exhaustion__connect_socket_for_loop_11.c	152	CWE400_Resource_Exhaustion__connect_socket_for_loop_11.c	200
/home/swlab-jueon/swvul/tools/java-vuln-detection/slicing/output/CPG/c/cwe400_cpg/cwe400-11-cpg-resolved.bin	tc11_flow3	CWE400_Resource_Exhaustion__connect_socket_for_loop_11.c	238	CWE400_Resource_Exhaustion__connect_socket_for_loop_11.c	281
/home/swlab-jueon/swvul/tools/java-vuln-detection/slicing/output/CPG/c/cwe400_cpg/cwe400-11-cpg-resolved.bin	tc11_flow4	CWE400_Resource_Exhaustion__connect_socket_for_loop_11.c	306	CWE400_Resource_Exhaustion__connect_socket_for_loop_11.c	313
/home/swlab-jueon/swvul/tools/java-vuln-detection/slicing/output/CPG/c/cwe400_cpg/cwe400-11-cpg-resolved.bin	tc11_flow5	CWE400_Resource_Exhaustion__connect_socket_for_loop_11.c	330	CWE400_Resource_Exhaustion__connect_socket_for_loop_11.c	337
/home/swlab-jueon/swvul/tools/java-vuln-detection/slicing/output/CPG/c/cwe400_cpg/cwe400-12-cpg-resolved.bin	tc12_flow2	CWE400_Resource_Exhaustion__connect_socket_for_loop_12.c	173	CWE400_Resource_Exhaustion__connect_socket_for_loop_12.c	289
/home/swlab-jueon/swvul/tools/java-vuln-detection/slicing/output/CPG/c/cwe400_cpg/cwe400-12-cpg-resolved.bin	tc12_flow3	CWE400_Resource_Exhaustion__connect_socket_for_loop_12.c	311	CWE400_Resource_Exhaustion__connect_socket_for_loop_12.c	334
/home/swlab-jueon/swvul/tools/java-vuln-detection/slicing/output/CPG/c/cwe400_cpg/cwe400-13-cpg-resolved.bin	tc13_flow1	CWE400_Resource_Exhaustion__connect_socket_for_loop_13.c	70	CWE400_Resource_Exhaustion__connect_socket_for_loop_13.c	113
/home/swlab-jueon/swvul/tools/java-vuln-detection/slicing/output/CPG/c/cwe400_cpg/cwe400-13-cpg-resolved.bin	tc13_flow2	CWE400_Resource_Exhaustion__connect_socket_for_loop_13.c	152	CWE400_Resource_Exhaustion__connect_socket_for_loop_13.c	200
/home/swlab-jueon/swvul/tools/java-vuln-detection/slicing/output/CPG/c/cwe400_cpg/cwe400-13-cpg-resolved.bin	tc13_flow3	CWE400_Resource_Exhaustion__connect_socket_for_loop_13.c	238	CWE400_Resource_Exhaustion__connect_socket_for_loop_13.c	281
/home/swlab-jueon/swvul/tools/java-vuln-detection/slicing/output/CPG/c/cwe400_cpg/cwe400-13-cpg-resolved.bin	tc13_flow4	CWE400_Resource_Exhaustion__connect_socket_for_loop_13.c	306	CWE400_Resource_Exhaustion__connect_socket_for_loop_13.c	313
/home/swlab-jueon/swvul/tools/java-vuln-detection/slicing/output/CPG/c/cwe400_cpg/cwe400-13-cpg-resolved.bin	tc13_flow5	CWE400_Resource_Exhaustion__connect_socket_for_loop_13.c	330	CWE400_Resource_Exhaustion__connect_socket_for_loop_13.c	337
/home/swlab-jueon/swvul/tools/java-vuln-detection/slicing/output/CPG/c/cwe400_cpg/cwe400-14-cpg-resolved.bin	tc14_flow1	CWE400_Resource_Exhaustion__connect_socket_for_loop_14.c	70	CWE400_Resource_Exhaustion__connect_socket_for_loop_14.c	113
/home/swlab-jueon/swvul/tools/java-vuln-detection/slicing/output/CPG/c/cwe400_cpg/cwe400-14-cpg-resolved.bin	tc14_flow2	CWE400_Resource_Exhaustion__connect_socket_for_loop_14.c	152	CWE400_Resource_Exhaustion__connect_socket_for_loop_14.c	200
/home/swlab-jueon/swvul/tools/java-vuln-detection/slicing/output/CPG/c/cwe400_cpg/cwe400-14-cpg-resolved.bin	tc14_flow3	CWE400_Resource_Exhaustion__connect_socket_for_loop_14.c	238	CWE400_Resource_Exhaustion__connect_socket_for_loop_14.c	281
/home/swlab-jueon/swvul/tools/java-vuln-detection/slicing/output/CPG/c/cwe400_cpg/cwe400-14-cpg-resolved.bin	tc14_flow4	CWE400_Resource_Exhaustion__connect_socket_for_loop_14.c	306	CWE400_Resource_Exhaustion__connect_socket_for_loop_14.c	313
/home/swlab-jueon/swvul/tools/java-vuln-detection/slicing/output/CPG/c/cwe400_cpg/cwe400-14-cpg-resolved.bin	tc14_flow5	CWE400_Resource_Exhaustion__connect_socket_for_loop_14.c	330	CWE400_Resource_Exhaustion__connect_socket_for_loop_14.c	337
/home/swlab-jueon/swvul/tools/java-vuln-detection/slicing/output/CPG/c/cwe400_cpg/cwe400-15-cpg-resolved.bin	tc15_flow1	CWE400_Resource_Exhaustion__connect_socket_for_loop_15.c	71	CWE400_Resource_Exhaustion__connect_socket_for_loop_15.c	120
/home/swlab-jueon/swvul/tools/java-vuln-detection/slicing/output/CPG/c/cwe400_cpg/cwe400-15-cpg-resolved.bin	tc15_flow2	CWE400_Resource_Exhaustion__connect_socket_for_loop_15.c	165	CWE400_Resource_Exhaustion__connect_socket_for_loop_15.c	218
/home/swlab-jueon/swvul/tools/java-vuln-detection/slicing/output/CPG/c/cwe400_cpg/cwe400-15-cpg-resolved.bin	tc15_flow3	CWE400_Resource_Exhaustion__connect_socket_for_loop_15.c	258	CWE400_Resource_Exhaustion__connect_socket_for_loop_15.c	307
/home/swlab-jueon/swvul/tools/java-vuln-detection/slicing/output/CPG/c/cwe400_cpg/cwe400-15-cpg-resolved.bin	tc15_flow4	CWE400_Resource_Exhaustion__connect_socket_for_loop_15.c	337	CWE400_Resource_Exhaustion__connect_socket_for_loop_15.c	346
/home/swlab-jueon/swvul/tools/java-vuln-detection/slicing/output/CPG/c/cwe400_cpg/cwe400-15-cpg-resolved.bin	tc15_flow5	CWE400_Resource_Exhaustion__connect_socket_for_loop_15.c	369	CWE400_Resource_Exhaustion__connect_socket_for_loop_15.c	382
/home/swlab-jueon/swvul/tools/java-vuln-detection/slicing/output/CPG/c/cwe400_cpg/cwe400-16-cpg-resolved.bin	tc16_flow1	CWE400_Resource_Exhaustion__connect_socket_for_loop_16.c	70	CWE400_Resource_Exhaustion__connect_socket_for_loop_16.c	114
/home/swlab-jueon/swvul/tools/java-vuln-detection/slicing/output/CPG/c/cwe400_cpg/cwe400-16-cpg-resolved.bin	tc16_flow2	CWE400_Resource_Exhaustion__connect_socket_for_loop_16.c	154	CWE400_Resource_Exhaustion__connect_socket_for_loop_16.c	198
/home/swlab-jueon/swvul/tools/java-vuln-detection/slicing/output/CPG/c/cwe400_cpg/cwe400-16-cpg-resolved.bin	tc16_flow3	CWE400_Resource_Exhaustion__connect_socket_for_loop_16.c	219	CWE400_Resource_Exhaustion__connect_socket_for_loop_16.c	227
/home/swlab-jueon/swvul/tools/java-vuln-detection/slicing/output/CPG/c/cwe400_cpg/cwe400-17-cpg-resolved.bin	tc17_flow1	CWE400_Resource_Exhaustion__connect_socket_for_loop_17.c	71	CWE400_Resource_Exhaustion__connect_socket_for_loop_17.c	114
/home/swlab-jueon/swvul/tools/java-vuln-detection/slicing/output/CPG/c/cwe400_cpg/cwe400-17-cpg-resolved.bin	tc17_flow2	CWE400_Resource_Exhaustion__connect_socket_for_loop_17.c	154	CWE400_Resource_Exhaustion__connect_socket_for_loop_17.c	197
/home/swlab-jueon/swvul/tools/java-vuln-detection/slicing/output/CPG/c/cwe400_cpg/cwe400-17-cpg-resolved.bin	tc17_flow3	CWE400_Resource_Exhaustion__connect_socket_for_loop_17.c	218	CWE400_Resource_Exhaustion__connect_socket_for_loop_17.c	225
/home/swlab-jueon/swvul/tools/java-vuln-detection/slicing/output/CPG/c/cwe400_cpg/cwe400-18-cpg-resolved.bin	tc18_flow1	CWE400_Resource_Exhaustion__connect_socket_for_loop_18.c	70	CWE400_Resource_Exhaustion__connect_socket_for_loop_18.c	112
/home/swlab-jueon/swvul/tools/java-vuln-detection/slicing/output/CPG/c/cwe400_cpg/cwe400-18-cpg-resolved.bin	tc18_flow2	CWE400_Resource_Exhaustion__connect_socket_for_loop_18.c	150	CWE400_Resource_Exhaustion__connect_socket_for_loop_18.c	192
/home/swlab-jueon/swvul/tools/java-vuln-detection/slicing/output/CPG/c/cwe400_cpg/cwe400-18-cpg-resolved.bin	tc18_flow3	CWE400_Resource_Exhaustion__connect_socket_for_loop_18.c	211	CWE400_Resource_Exhaustion__connect_socket_for_loop_18.c	217
/home/swlab-jueon/swvul/tools/java-vuln-detection/slicing/output/CPG/c/cwe400_cpg/cwe400-19-cpg-resolved.bin	tc19_flow1	CWE400_Resource_Exhaustion__connect_socket_for_loop_21.c	86	CWE400_Resource_Exhaustion__connect_socket_for_loop_21.c	54
/home/swlab-jueon/swvul/tools/java-vuln-detection/slicing/output/CPG/c/cwe400_cpg/cwe400-19-cpg-resolved.bin	tc19_flow2	CWE400_Resource_Exhaustion__connect_socket_for_loop_21.c	184	CWE400_Resource_Exhaustion__connect_socket_for_loop_21.c	149
/home/swlab-jueon/swvul/tools/java-vuln-detection/slicing/output/CPG/c/cwe400_cpg/cwe400-19-cpg-resolved.bin	tc19_flow3	CWE400_Resource_Exhaustion__connect_socket_for_loop_21.c	268	CWE400_Resource_Exhaustion__connect_socket_for_loop_21.c	233
/home/swlab-jueon/swvul/tools/java-vuln-detection/slicing/output/CPG/c/cwe400_cpg/cwe400-19-cpg-resolved.bin	tc19_flow4	CWE400_Resource_Exhaustion__connect_socket_for_loop_21.c	331	CWE400_Resource_Exhaustion__connect_socket_for_loop_21.c	317
/home/swlab-jueon/swvul/tools/java-vuln-detection/slicing/output/CPG/c/cwe400_cpg/cwe400-21-cpg-resolved.bin	tc21_flow1	CWE400_Resource_Exhaustion__connect_socket_for_loop_31.c	68	CWE400_Resource_Exhaustion__connect_socket_for_loop_31.c	111
/home/swlab-jueon/swvul/tools/java-vuln-detection/slicing/output/CPG/c/cwe400_cpg/cwe400-21-cpg-resolved.bin	tc21_flow2	CWE400_Resource_Exhaustion__connect_socket_for_loop_31.c	170	CWE400_Resource_Exhaustion__connect_socket_for_loop_31.c	213
/home/swlab-jueon/swvul/tools/java-vuln-detection/slicing/output/CPG/c/cwe400_cpg/cwe400-21-cpg-resolved.bin	tc21_flow3	CWE400_Resource_Exhaustion__connect_socket_for_loop_31.c	130	CWE400_Resource_Exhaustion__connect_socket_for_loop_31.c	137
/home/swlab-jueon/swvul/tools/java-vuln-detection/slicing/output/CPG/c/cwe400_cpg/cwe400-22-cpg-resolved.bin	tc22_flow1	CWE400_Resource_Exhaustion__connect_socket_for_loop_32.c	72	CWE400_Resource_Exhaustion__connect_socket_for_loop_32.c	116
/home/swlab-jueon/swvul/tools/java-vuln-detection/slicing/output/CPG/c/cwe400_cpg/cwe400-22-cpg-resolved.bin	tc22_flow2	CWE400_Resource_Exhaustion__connect_socket_for_loop_32.c	184	CWE400_Resource_Exhaustion__connect_socket_for_loop_32.c	228
/home/swlab-jueon/swvul/tools/java-vuln-detection/slicing/output/CPG/c/cwe400_cpg/cwe400-22-cpg-resolved.bin	tc22_flow3	CWE400_Resource_Exhaustion__connect_socket_for_loop_32.c	139	CWE400_Resource_Exhaustion__connect_socket_for_loop_32.c	147
/home/swlab-jueon/swvul/tools/java-vuln-detection/slicing/output/CPG/c/cwe400_cpg/cwe400-23-cpg-resolved.bin	tc23_flow1	CWE400_Resource_Exhaustion__connect_socket_for_loop_33.cpp	72	CWE400_Resource_Exhaustion__connect_socket_for_loop_33.cpp	114
/home/swlab-jueon/swvul/tools/java-vuln-detection/slicing/output/CPG/c/cwe400_cpg/cwe400-23-cpg-resolved.bin	tc23_flow2	CWE400_Resource_Exhaustion__connect_socket_for_loop_33.cpp	174	CWE400_Resource_Exhaustion__connect_socket_for_loop_33.cpp	216
/home/swlab-jueon/swvul/tools/java-vuln-detection/slicing/output/CPG/c/cwe400_cpg/cwe400-23-cpg-resolved.bin	tc23_flow3	CWE400_Resource_Exhaustion__connect_socket_for_loop_33.cpp	134	CWE400_Resource_Exhaustion__connect_socket_for_loop_33.cpp	140
/home/swlab-jueon/swvul/tools/java-vuln-detection/slicing/output/CPG/c/cwe400_cpg/cwe400-24-cpg-resolved.bin	tc24_flow1	CWE400_Resource_Exhaustion__connect_socket_for_loop_34.c	75	CWE400_Resource_Exhaustion__connect_socket_for_loop_34.c	118
/home/swlab-jueon/swvul/tools/java-vuln-detection/slicing/output/CPG/c/cwe400_cpg/cwe400-24-cpg-resolved.bin	tc24_flow2	CWE400_Resource_Exhaustion__connect_socket_for_loop_34.c	179	CWE400_Resource_Exhaustion__connect_socket_for_loop_34.c	222
/home/swlab-jueon/swvul/tools/java-vuln-detection/slicing/output/CPG/c/cwe400_cpg/cwe400-24-cpg-resolved.bin	tc24_flow3	CWE400_Resource_Exhaustion__connect_socket_for_loop_34.c	138	CWE400_Resource_Exhaustion__connect_socket_for_loop_34.c	145
/home/swlab-jueon/swvul/tools/java-vuln-detection/slicing/output/CPG/c/cwe400_cpg/cwe400-25-cpg-resolved.bin	tc25_flow1	CWE400_Resource_Exhaustion__connect_socket_for_loop_41.c	80	CWE400_Resource_Exhaustion__connect_socket_for_loop_41.c	49
/home/swlab-jueon/swvul/tools/java-vuln-detection/slicing/output/CPG/c/cwe400_cpg/cwe400-25-cpg-resolved.bin	tc25_flow2	CWE400_Resource_Exhaustion__connect_socket_for_loop_41.c	187	CWE400_Resource_Exhaustion__connect_socket_for_loop_41.c	153
/home/swlab-jueon/swvul/tools/java-vuln-detection/slicing/output/CPG/c/cwe400_cpg/cwe400-25-cpg-resolved.bin	tc25_flow3	CWE400_Resource_Exhaustion__connect_socket_for_loop_41.c	143	CWE400_Resource_Exhaustion__connect_socket_for_loop_41.c	130
/home/swlab-jueon/swvul/tools/java-vuln-detection/slicing/output/CPG/c/cwe400_cpg/cwe400-26-cpg-resolved.bin	tc26_flow2	CWE400_Resource_Exhaustion__connect_socket_for_loop_42.c	171	CWE400_Resource_Exhaustion__connect_socket_for_loop_42.c	220
/home/swlab-jueon/swvul/tools/java-vuln-detection/slicing/output/CPG/c/cwe400_cpg/cwe400-26-cpg-resolved.bin	tc26_flow3	CWE400_Resource_Exhaustion__connect_socket_for_loop_42.c	129	CWE400_Resource_Exhaustion__connect_socket_for_loop_42.c	142
/home/swlab-jueon/swvul/tools/java-vuln-detection/slicing/output/CPG/c/cwe400_cpg/cwe400-27-cpg-resolved.bin	tc27_flow1	CWE400_Resource_Exhaustion__connect_socket_for_loop_43.cpp	68	CWE400_Resource_Exhaustion__connect_socket_for_loop_43.cpp	116
/home/swlab-jueon/swvul/tools/java-vuln-detection/slicing/output/CPG/c/cwe400_cpg/cwe400-27-cpg-resolved.bin	tc27_flow2	CWE400_Resource_Exhaustion__connect_socket_for_loop_43.cpp	172	CWE400_Resource_Exhaustion__connect_socket_for_loop_43.cpp	220
/home/swlab-jueon/swvul/tools/java-vuln-detection/slicing/output/CPG/c/cwe400_cpg/cwe400-27-cpg-resolved.bin	tc27_flow3	CWE400_Resource_Exhaustion__connect_socket_for_loop_43.cpp	131	CWE400_Resource_Exhaustion__connect_socket_for_loop_43.cpp	143
/home/swlab-jueon/swvul/tools/java-vuln-detection/slicing/output/CPG/c/cwe400_cpg/cwe400-28-cpg-resolved.bin	tc28_flow1	CWE400_Resource_Exhaustion__connect_socket_for_loop_44.c	82	CWE400_Resource_Exhaustion__connect_socket_for_loop_44.c	49
/home/swlab-jueon/swvul/tools/java-vuln-detection/slicing/output/CPG/c/cwe400_cpg/cwe400-28-cpg-resolved.bin	tc28_flow2	CWE400_Resource_Exhaustion__connect_socket_for_loop_44.c	192	CWE400_Resource_Exhaustion__connect_socket_for_loop_44.c	157
/home/swlab-jueon/swvul/tools/java-vuln-detection/slicing/output/CPG/c/cwe400_cpg/cwe400-28-cpg-resolved.bin	tc28_flow3	CWE400_Resource_Exhaustion__connect_socket_for_loop_44.c	147	CWE400_Resource_Exhaustion__connect_socket_for_loop_44.c	133
/home/swlab-jueon/swvul/tools/java-vuln-detection/slicing/output/CPG/c/cwe400_cpg/cwe400-29-cpg-resolved.bin	tc29_flow1	CWE400_Resource_Exhaustion__connect_socket_for_loop_45.c	85	CWE400_Resource_Exhaustion__connect_socket_for_loop_45.c	54
/home/swlab-jueon/swvul/tools/java-vuln-detection/slicing/output/CPG/c/cwe400_cpg/cwe400-29-cpg-resolved.bin	tc29_flow2	CWE400_Resource_Exhaustion__connect_socket_for_loop_45.c	196	CWE400_Resource_Exhaustion__connect_socket_for_loop_45.c	162
/home/swlab-jueon/swvul/tools/java-vuln-detection/slicing/output/CPG/c/cwe400_cpg/cwe400-29-cpg-resolved.bin	tc29_flow3	CWE400_Resource_Exhaustion__connect_socket_for_loop_45.c	150	CWE400_Resource_Exhaustion__connect_socket_for_loop_45.c	137
/home/swlab-jueon/swvul/tools/java-vuln-detection/slicing/output/CPG/c/cwe400_cpg/cwe400-34-cpg-resolved.bin	tc34_flow2	CWE400_Resource_Exhaustion__connect_socket_for_loop_61b.c	139	CWE400_Resource_Exhaustion__connect_socket_for_loop_61a.c	98
/home/swlab-jueon/swvul/tools/java-vuln-detection/slicing/output/CPG/c/cwe400_cpg/cwe400-34-cpg-resolved.bin	tc34_flow3	CWE400_Resource_Exhaustion__connect_socket_for_loop_61b.c	113	CWE400_Resource_Exhaustion__connect_socket_for_loop_61a.c	79
/home/swlab-jueon/swvul/tools/java-vuln-detection/slicing/output/CPG/c/cwe400_cpg/cwe400-35-cpg-resolved.bin	tc35_flow1	CWE400_Resource_Exhaustion__connect_socket_for_loop_62b.cpp	68	CWE400_Resource_Exhaustion__connect_socket_for_loop_62a.cpp	37
/home/swlab-jueon/swvul/tools/java-vuln-detection/slicing/output/CPG/c/cwe400_cpg/cwe400-35-cpg-resolved.bin	tc35_flow2	CWE400_Resource_Exhaustion__connect_socket_for_loop_62b.cpp	140	CWE400_Resource_Exhaustion__connect_socket_for_loop_62a.cpp	79
/home/swlab-jueon/swvul/tools/java-vuln-detection/slicing/output/CPG/c/cwe400_cpg/cwe400-35-cpg-resolved.bin	tc35_flow3	CWE400_Resource_Exhaustion__connect_socket_for_loop_62b.cpp	115	CWE400_Resource_Exhaustion__connect_socket_for_loop_62a.cpp	60
/home/swlab-jueon/swvul/tools/java-vuln-detection/slicing/output/CPG/c/cwe400_cpg/cwe400-42-cpg-resolved.bin	tc42_flow1	CWE400_Resource_Exhaustion__connect_socket_for_loop_72a.cpp	78	CWE400_Resource_Exhaustion__connect_socket_for_loop_72b.cpp	35
/home/swlab-jueon/swvul/tools/java-vuln-detection/slicing/output/CPG/c/cwe400_cpg/cwe400-42-cpg-resolved.bin	tc42_flow2	CWE400_Resource_Exhaustion__connect_socket_for_loop_72a.cpp	172	CWE400_Resource_Exhaustion__connect_socket_for_loop_72b.cpp	67
/home/swlab-jueon/swvul/tools/java-vuln-detection/slicing/output/CPG/c/cwe400_cpg/cwe400-42-cpg-resolved.bin	tc42_flow3	CWE400_Resource_Exhaustion__connect_socket_for_loop_72a.cpp	136	CWE400_Resource_Exhaustion__connect_socket_for_loop_72b.cpp	53
/home/swlab-jueon/swvul/tools/java-vuln-detection/slicing/output/CPG/c/cwe400_cpg/cwe400-43-cpg-resolved.bin	tc43_flow1	CWE400_Resource_Exhaustion__connect_socket_for_loop_73a.cpp	78	CWE400_Resource_Exhaustion__connect_socket_for_loop_73b.cpp	35
/home/swlab-jueon/swvul/tools/java-vuln-detection/slicing/output/CPG/c/cwe400_cpg/cwe400-43-cpg-resolved.bin	tc43_flow2	CWE400_Resource_Exhaustion__connect_socket_for_loop_73a.cpp	172	CWE400_Resource_Exhaustion__connect_socket_for_loop_73b.cpp	67
/home/swlab-jueon/swvul/tools/java-vuln-detection/slicing/output/CPG/c/cwe400_cpg/cwe400-43-cpg-resolved.bin	tc43_flow3	CWE400_Resource_Exhaustion__connect_socket_for_loop_73a.cpp	136	CWE400_Resource_Exhaustion__connect_socket_for_loop_73b.cpp	53
/home/swlab-jueon/swvul/tools/java-vuln-detection/slicing/output/CPG/c/cwe400_cpg/cwe400-44-cpg-resolved.bin	tc44_flow1	CWE400_Resource_Exhaustion__connect_socket_for_loop_74a.cpp	78	CWE400_Resource_Exhaustion__connect_socket_for_loop_74b.cpp	35
/home/swlab-jueon/swvul/tools/java-vuln-detection/slicing/output/CPG/c/cwe400_cpg/cwe400-44-cpg-resolved.bin	tc44_flow2	CWE400_Resource_Exhaustion__connect_socket_for_loop_74a.cpp	172	CWE400_Resource_Exhaustion__connect_socket_for_loop_74b.cpp	67
/home/swlab-jueon/swvul/tools/java-vuln-detection/slicing/output/CPG/c/cwe400_cpg/cwe400-44-cpg-resolved.bin	tc44_flow3	CWE400_Resource_Exhaustion__connect_socket_for_loop_74a.cpp	136	CWE400_Resource_Exhaustion__connect_socket_for_loop_74b.cpp	53
/home/swlab-jueon/swvul/tools/java-vuln-detection/slicing/output/CPG/c/cwe400_cpg/cwe400-45-cpg-resolved.bin	tc45_flow1	CWE400_Resource_Exhaustion__connect_socket_for_loop_81a.cpp	72	CWE400_Resource_Exhaustion__connect_socket_for_loop_81_bad.cpp	30
/home/swlab-jueon/swvul/tools/java-vuln-detection/slicing/output/CPG/c/cwe400_cpg/cwe400-45-cpg-resolved.bin	tc45_flow2	CWE400_Resource_Exhaustion__connect_socket_for_loop_81a.cpp	154	CWE400_Resource_Exhaustion__connect_socket_for_loop_81_goodB2G.cpp	30
/home/swlab-jueon/swvul/tools/java-vuln-detection/slicing/output/CPG/c/cwe400_cpg/cwe400-45-cpg-resolved.bin	tc45_flow3	CWE400_Resource_Exhaustion__connect_socket_for_loop_81a.cpp	124	CWE400_Resource_Exhaustion__connect_socket_for_loop_81_goodG2B.cpp	30
/home/swlab-jueon/swvul/tools/java-vuln-detection/slicing/output/CPG/c/cwe400_cpg/cwe400-46-cpg-resolved.bin	tc46_flow1	CWE400_Resource_Exhaustion__connect_socket_for_loop_82a.cpp	72	CWE400_Resource_Exhaustion__connect_socket_for_loop_82_bad.cpp	30
/home/swlab-jueon/swvul/tools/java-vuln-detection/slicing/output/CPG/c/cwe400_cpg/cwe400-46-cpg-resolved.bin	tc46_flow2	CWE400_Resource_Exhaustion__connect_socket_for_loop_82a.cpp	156	CWE400_Resource_Exhaustion__connect_socket_for_loop_82_goodB2G.cpp	30
/home/swlab-jueon/swvul/tools/java-vuln-detection/slicing/output/CPG/c/cwe400_cpg/cwe400-46-cpg-resolved.bin	tc46_flow3	CWE400_Resource_Exhaustion__connect_socket_for_loop_82a.cpp	125	CWE400_Resource_Exhaustion__connect_socket_for_loop_82_goodG2B.cpp	30
/home/swlab-jueon/swvul/tools/java-vuln-detection/slicing/output/CPG/c/cwe400_cpg/cwe400-49-cpg-resolved.bin	tc49_flow1	CWE400_Resource_Exhaustion__connect_socket_fwrite_01.c	70	CWE400_Resource_Exhaustion__connect_socket_fwrite_01.c	118
/home/swlab-jueon/swvul/tools/java-vuln-detection/slicing/output/CPG/c/cwe400_cpg/cwe400-49-cpg-resolved.bin	tc49_flow2	CWE400_Resource_Exhaustion__connect_socket_fwrite_01.c	194	CWE400_Resource_Exhaustion__connect_socket_fwrite_01.c	236
/home/swlab-jueon/swvul/tools/java-vuln-detection/slicing/output/CPG/c/cwe400_cpg/cwe400-49-cpg-resolved.bin	tc49_flow3	CWE400_Resource_Exhaustion__connect_socket_fwrite_01.c	143	CWE400_Resource_Exhaustion__connect_socket_fwrite_01.c	155
/home/swlab-jueon/swvul/tools/java-vuln-detection/slicing/output/CPG/c/cwe400_cpg/cwe400-50-cpg-resolved.bin	tc50_flow1	CWE400_Resource_Exhaustion__connect_socket_fwrite_02.c	72	CWE400_Resource_Exhaustion__connect_socket_fwrite_02.c	123
/home/swlab-jueon/swvul/tools/java-vuln-detection/slicing/output/CPG/c/cwe400_cpg/cwe400-50-cpg-resolved.bin	tc50_flow2	CWE400_Resource_Exhaustion__connect_socket_fwrite_02.c	169	CWE400_Resource_Exhaustion__connect_socket_fwrite_02.c	219
/home/swlab-jueon/swvul/tools/java-vuln-detection/slicing/output/CPG/c/cwe400_cpg/cwe400-50-cpg-resolved.bin	tc50_flow3	CWE400_Resource_Exhaustion__connect_socket_fwrite_02.c	266	CWE400_Resource_Exhaustion__connect_socket_fwrite_02.c	311
/home/swlab-jueon/swvul/tools/java-vuln-detection/slicing/output/CPG/c/cwe400_cpg/cwe400-50-cpg-resolved.bin	tc50_flow4	CWE400_Resource_Exhaustion__connect_socket_fwrite_02.c	345	CWE400_Resource_Exhaustion__connect_socket_fwrite_02.c	360
/home/swlab-jueon/swvul/tools/java-vuln-detection/slicing/output/CPG/c/cwe400_cpg/cwe400-50-cpg-resolved.bin	tc50_flow5	CWE400_Resource_Exhaustion__connect_socket_fwrite_02.c	384	CWE400_Resource_Exhaustion__connect_socket_fwrite_02.c	399
/home/swlab-jueon/swvul/tools/java-vuln-detection/slicing/output/CPG/c/cwe400_cpg/cwe400-51-cpg-resolved.bin	tc51_flow1	CWE400_Resource_Exhaustion__connect_socket_fwrite_03.c	72	CWE400_Resource_Exhaustion__connect_socket_fwrite_03.c	123
/home/swlab-jueon/swvul/tools/java-vuln-detection/slicing/output/CPG/c/cwe400_cpg/cwe400-51-cpg-resolved.bin	tc51_flow2	CWE400_Resource_Exhaustion__connect_socket_fwrite_03.c	169	CWE400_Resource_Exhaustion__connect_socket_fwrite_03.c	219
/home/swlab-jueon/swvul/tools/java-vuln-detection/slicing/output/CPG/c/cwe400_cpg/cwe400-51-cpg-resolved.bin	tc51_flow3	CWE400_Resource_Exhaustion__connect_socket_fwrite_03.c	266	CWE400_Resource_Exhaustion__connect_socket_fwrite_03.c	311
/home/swlab-jueon/swvul/tools/java-vuln-detection/slicing/output/CPG/c/cwe400_cpg/cwe400-51-cpg-resolved.bin	tc51_flow4	CWE400_Resource_Exhaustion__connect_socket_fwrite_03.c	345	CWE400_Resource_Exhaustion__connect_socket_fwrite_03.c	360
/home/swlab-jueon/swvul/tools/java-vuln-detection/slicing/output/CPG/c/cwe400_cpg/cwe400-51-cpg-resolved.bin	tc51_flow5	CWE400_Resource_Exhaustion__connect_socket_fwrite_03.c	384	CWE400_Resource_Exhaustion__connect_socket_fwrite_03.c	399
/home/swlab-jueon/swvul/tools/java-vuln-detection/slicing/output/CPG/c/cwe400_cpg/cwe400-52-cpg-resolved.bin	tc52_flow1	CWE400_Resource_Exhaustion__connect_socket_fwrite_04.c	78	CWE400_Resource_Exhaustion__connect_socket_fwrite_04.c	129
/home/swlab-jueon/swvul/tools/java-vuln-detection/slicing/output/CPG/c/cwe400_cpg/cwe400-52-cpg-resolved.bin	tc52_flow2	CWE400_Resource_Exhaustion__connect_socket_fwrite_04.c	175	CWE400_Resource_Exhaustion__connect_socket_fwrite_04.c	225
/home/swlab-jueon/swvul/tools/java-vuln-detection/slicing/output/CPG/c/cwe400_cpg/cwe400-52-cpg-resolved.bin	tc52_flow3	CWE400_Resource_Exhaustion__connect_socket_fwrite_04.c	272	CWE400_Resource_Exhaustion__connect_socket_fwrite_04.c	317
/home/swlab-jueon/swvul/tools/java-vuln-detection/slicing/output/CPG/c/cwe400_cpg/cwe400-52-cpg-resolved.bin	tc52_flow4	CWE400_Resource_Exhaustion__connect_socket_fwrite_04.c	351	CWE400_Resource_Exhaustion__connect_socket_fwrite_04.c	366
/home/swlab-jueon/swvul/tools/java-vuln-detection/slicing/output/CPG/c/cwe400_cpg/cwe400-52-cpg-resolved.bin	tc52_flow5	CWE400_Resource_Exhaustion__connect_socket_fwrite_04.c	390	CWE400_Resource_Exhaustion__connect_socket_fwrite_04.c	405
/home/swlab-jueon/swvul/tools/java-vuln-detection/slicing/output/CPG/c/cwe400_cpg/cwe400-53-cpg-resolved.bin	tc53_flow1	CWE400_Resource_Exhaustion__connect_socket_fwrite_05.c	78	CWE400_Resource_Exhaustion__connect_socket_fwrite_05.c	129
/home/swlab-jueon/swvul/tools/java-vuln-detection/slicing/output/CPG/c/cwe400_cpg/cwe400-53-cpg-resolved.bin	tc53_flow2	CWE400_Resource_Exhaustion__connect_socket_fwrite_05.c	175	CWE400_Resource_Exhaustion__connect_socket_fwrite_05.c	225
/home/swlab-jueon/swvul/tools/java-vuln-detection/slicing/output/CPG/c/cwe400_cpg/cwe400-53-cpg-resolved.bin	tc53_flow3	CWE400_Resource_Exhaustion__connect_socket_fwrite_05.c	272	CWE400_Resource_Exhaustion__connect_socket_fwrite_05.c	317
/home/swlab-jueon/swvul/tools/java-vuln-detection/slicing/output/CPG/c/cwe400_cpg/cwe400-53-cpg-resolved.bin	tc53_flow4	CWE400_Resource_Exhaustion__connect_socket_fwrite_05.c	351	CWE400_Resource_Exhaustion__connect_socket_fwrite_05.c	366
/home/swlab-jueon/swvul/tools/java-vuln-detection/slicing/output/CPG/c/cwe400_cpg/cwe400-53-cpg-resolved.bin	tc53_flow5	CWE400_Resource_Exhaustion__connect_socket_fwrite_05.c	390	CWE400_Resource_Exhaustion__connect_socket_fwrite_05.c	405
/home/swlab-jueon/swvul/tools/java-vuln-detection/slicing/output/CPG/c/cwe400_cpg/cwe400-54-cpg-resolved.bin	tc54_flow1	CWE400_Resource_Exhaustion__connect_socket_fwrite_06.c	77	CWE400_Resource_Exhaustion__connect_socket_fwrite_06.c	128
/home/swlab-jueon/swvul/tools/java-vuln-detection/slicing/output/CPG/c/cwe400_cpg/cwe400-54-cpg-resolved.bin	tc54_flow2	CWE400_Resource_Exhaustion__connect_socket_fwrite_06.c	174	CWE400_Resource_Exhaustion__connect_socket_fwrite_06.c	224
/home/swlab-jueon/swvul/tools/java-vuln-detection/slicing/output/CPG/c/cwe400_cpg/cwe400-54-cpg-resolved.bin	tc54_flow3	CWE400_Resource_Exhaustion__connect_socket_fwrite_06.c	271	CWE400_Resource_Exhaustion__connect_socket_fwrite_06.c	316
/home/swlab-jueon/swvul/tools/java-vuln-detection/slicing/output/CPG/c/cwe400_cpg/cwe400-54-cpg-resolved.bin	tc54_flow4	CWE400_Resource_Exhaustion__connect_socket_fwrite_06.c	350	CWE400_Resource_Exhaustion__connect_socket_fwrite_06.c	365
/home/swlab-jueon/swvul/tools/java-vuln-detection/slicing/output/CPG/c/cwe400_cpg/cwe400-54-cpg-resolved.bin	tc54_flow5	CWE400_Resource_Exhaustion__connect_socket_fwrite_06.c	389	CWE400_Resource_Exhaustion__connect_socket_fwrite_06.c	404
/home/swlab-jueon/swvul/tools/java-vuln-detection/slicing/output/CPG/c/cwe400_cpg/cwe400-55-cpg-resolved.bin	tc55_flow1	CWE400_Resource_Exhaustion__connect_socket_fwrite_07.c	77	CWE400_Resource_Exhaustion__connect_socket_fwrite_07.c	128
/home/swlab-jueon/swvul/tools/java-vuln-detection/slicing/output/CPG/c/cwe400_cpg/cwe400-55-cpg-resolved.bin	tc55_flow2	CWE400_Resource_Exhaustion__connect_socket_fwrite_07.c	174	CWE400_Resource_Exhaustion__connect_socket_fwrite_07.c	224
/home/swlab-jueon/swvul/tools/java-vuln-detection/slicing/output/CPG/c/cwe400_cpg/cwe400-55-cpg-resolved.bin	tc55_flow3	CWE400_Resource_Exhaustion__connect_socket_fwrite_07.c	271	CWE400_Resource_Exhaustion__connect_socket_fwrite_07.c	316
/home/swlab-jueon/swvul/tools/java-vuln-detection/slicing/output/CPG/c/cwe400_cpg/cwe400-55-cpg-resolved.bin	tc55_flow4	CWE400_Resource_Exhaustion__connect_socket_fwrite_07.c	350	CWE400_Resource_Exhaustion__connect_socket_fwrite_07.c	365
/home/swlab-jueon/swvul/tools/java-vuln-detection/slicing/output/CPG/c/cwe400_cpg/cwe400-55-cpg-resolved.bin	tc55_flow5	CWE400_Resource_Exhaustion__connect_socket_fwrite_07.c	389	CWE400_Resource_Exhaustion__connect_socket_fwrite_07.c	404
/home/swlab-jueon/swvul/tools/java-vuln-detection/slicing/output/CPG/c/cwe400_cpg/cwe400-56-cpg-resolved.bin	tc56_flow1	CWE400_Resource_Exhaustion__connect_socket_fwrite_08.c	85	CWE400_Resource_Exhaustion__connect_socket_fwrite_08.c	136
/home/swlab-jueon/swvul/tools/java-vuln-detection/slicing/output/CPG/c/cwe400_cpg/cwe400-56-cpg-resolved.bin	tc56_flow2	CWE400_Resource_Exhaustion__connect_socket_fwrite_08.c	182	CWE400_Resource_Exhaustion__connect_socket_fwrite_08.c	232
/home/swlab-jueon/swvul/tools/java-vuln-detection/slicing/output/CPG/c/cwe400_cpg/cwe400-56-cpg-resolved.bin	tc56_flow3	CWE400_Resource_Exhaustion__connect_socket_fwrite_08.c	279	CWE400_Resource_Exhaustion__connect_socket_fwrite_08.c	324
/home/swlab-jueon/swvul/tools/java-vuln-detection/slicing/output/CPG/c/cwe400_cpg/cwe400-56-cpg-resolved.bin	tc56_flow4	CWE400_Resource_Exhaustion__connect_socket_fwrite_08.c	358	CWE400_Resource_Exhaustion__connect_socket_fwrite_08.c	373
/home/swlab-jueon/swvul/tools/java-vuln-detection/slicing/output/CPG/c/cwe400_cpg/cwe400-56-cpg-resolved.bin	tc56_flow5	CWE400_Resource_Exhaustion__connect_socket_fwrite_08.c	397	CWE400_Resource_Exhaustion__connect_socket_fwrite_08.c	412
/home/swlab-jueon/swvul/tools/java-vuln-detection/slicing/output/CPG/c/cwe400_cpg/cwe400-57-cpg-resolved.bin	tc57_flow1	CWE400_Resource_Exhaustion__connect_socket_fwrite_09.c	72	CWE400_Resource_Exhaustion__connect_socket_fwrite_09.c	123
/home/swlab-jueon/swvul/tools/java-vuln-detection/slicing/output/CPG/c/cwe400_cpg/cwe400-57-cpg-resolved.bin	tc57_flow2	CWE400_Resource_Exhaustion__connect_socket_fwrite_09.c	169	CWE400_Resource_Exhaustion__connect_socket_fwrite_09.c	219
/home/swlab-jueon/swvul/tools/java-vuln-detection/slicing/output/CPG/c/cwe400_cpg/cwe400-57-cpg-resolved.bin	tc57_flow3	CWE400_Resource_Exhaustion__connect_socket_fwrite_09.c	266	CWE400_Resource_Exhaustion__connect_socket_fwrite_09.c	311
/home/swlab-jueon/swvul/tools/java-vuln-detection/slicing/output/CPG/c/cwe400_cpg/cwe400-57-cpg-resolved.bin	tc57_flow4	CWE400_Resource_Exhaustion__connect_socket_fwrite_09.c	345	CWE400_Resource_Exhaustion__connect_socket_fwrite_09.c	360
/home/swlab-jueon/swvul/tools/java-vuln-detection/slicing/output/CPG/c/cwe400_cpg/cwe400-57-cpg-resolved.bin	tc57_flow5	CWE400_Resource_Exhaustion__connect_socket_fwrite_09.c	384	CWE400_Resource_Exhaustion__connect_socket_fwrite_09.c	399
/home/swlab-jueon/swvul/tools/java-vuln-detection/slicing/output/CPG/c/cwe400_cpg/cwe400-58-cpg-resolved.bin	tc58_flow1	CWE400_Resource_Exhaustion__connect_socket_fwrite_10.c	72	CWE400_Resource_Exhaustion__connect_socket_fwrite_10.c	123
/home/swlab-jueon/swvul/tools/java-vuln-detection/slicing/output/CPG/c/cwe400_cpg/cwe400-58-cpg-resolved.bin	tc58_flow2	CWE400_Resource_Exhaustion__connect_socket_fwrite_10.c	169	CWE400_Resource_Exhaustion__connect_socket_fwrite_10.c	219
/home/swlab-jueon/swvul/tools/java-vuln-detection/slicing/output/CPG/c/cwe400_cpg/cwe400-58-cpg-resolved.bin	tc58_flow3	CWE400_Resource_Exhaustion__connect_socket_fwrite_10.c	266	CWE400_Resource_Exhaustion__connect_socket_fwrite_10.c	311
/home/swlab-jueon/swvul/tools/java-vuln-detection/slicing/output/CPG/c/cwe400_cpg/cwe400-58-cpg-resolved.bin	tc58_flow4	CWE400_Resource_Exhaustion__connect_socket_fwrite_10.c	345	CWE400_Resource_Exhaustion__connect_socket_fwrite_10.c	360
/home/swlab-jueon/swvul/tools/java-vuln-detection/slicing/output/CPG/c/cwe400_cpg/cwe400-58-cpg-resolved.bin	tc58_flow5	CWE400_Resource_Exhaustion__connect_socket_fwrite_10.c	384	CWE400_Resource_Exhaustion__connect_socket_fwrite_10.c	399
/home/swlab-jueon/swvul/tools/java-vuln-detection/slicing/output/CPG/c/cwe400_cpg/cwe400-59-cpg-resolved.bin	tc59_flow1	CWE400_Resource_Exhaustion__connect_socket_fwrite_11.c	72	CWE400_Resource_Exhaustion__connect_socket_fwrite_11.c	123
/home/swlab-jueon/swvul/tools/java-vuln-detection/slicing/output/CPG/c/cwe400_cpg/cwe400-59-cpg-resolved.bin	tc59_flow2	CWE400_Resource_Exhaustion__connect_socket_fwrite_11.c	169	CWE400_Resource_Exhaustion__connect_socket_fwrite_11.c	219
/home/swlab-jueon/swvul/tools/java-vuln-detection/slicing/output/CPG/c/cwe400_cpg/cwe400-59-cpg-resolved.bin	tc59_flow3	CWE400_Resource_Exhaustion__connect_socket_fwrite_11.c	266	CWE400_Resource_Exhaustion__connect_socket_fwrite_11.c	311
/home/swlab-jueon/swvul/tools/java-vuln-detection/slicing/output/CPG/c/cwe400_cpg/cwe400-59-cpg-resolved.bin	tc59_flow4	CWE400_Resource_Exhaustion__connect_socket_fwrite_11.c	345	CWE400_Resource_Exhaustion__connect_socket_fwrite_11.c	360
/home/swlab-jueon/swvul/tools/java-vuln-detection/slicing/output/CPG/c/cwe400_cpg/cwe400-59-cpg-resolved.bin	tc59_flow5	CWE400_Resource_Exhaustion__connect_socket_fwrite_11.c	384	CWE400_Resource_Exhaustion__connect_socket_fwrite_11.c	399
/home/swlab-jueon/swvul/tools/java-vuln-detection/slicing/output/CPG/c/cwe400_cpg/cwe400-60-cpg-resolved.bin	tc60_flow2	CWE400_Resource_Exhaustion__connect_socket_fwrite_12.c	201	CWE400_Resource_Exhaustion__connect_socket_fwrite_12.c	330
/home/swlab-jueon/swvul/tools/java-vuln-detection/slicing/output/CPG/c/cwe400_cpg/cwe400-60-cpg-resolved.bin	tc60_flow3	CWE400_Resource_Exhaustion__connect_socket_fwrite_12.c	361	CWE400_Resource_Exhaustion__connect_socket_fwrite_12.c	407
/home/swlab-jueon/swvul/tools/java-vuln-detection/slicing/output/CPG/c/cwe400_cpg/cwe400-61-cpg-resolved.bin	tc61_flow1	CWE400_Resource_Exhaustion__connect_socket_fwrite_13.c	72	CWE400_Resource_Exhaustion__connect_socket_fwrite_13.c	123
/home/swlab-jueon/swvul/tools/java-vuln-detection/slicing/output/CPG/c/cwe400_cpg/cwe400-61-cpg-resolved.bin	tc61_flow2	CWE400_Resource_Exhaustion__connect_socket_fwrite_13.c	169	CWE400_Resource_Exhaustion__connect_socket_fwrite_13.c	219
/home/swlab-jueon/swvul/tools/java-vuln-detection/slicing/output/CPG/c/cwe400_cpg/cwe400-61-cpg-resolved.bin	tc61_flow3	CWE400_Resource_Exhaustion__connect_socket_fwrite_13.c	266	CWE400_Resource_Exhaustion__connect_socket_fwrite_13.c	311
/home/swlab-jueon/swvul/tools/java-vuln-detection/slicing/output/CPG/c/cwe400_cpg/cwe400-61-cpg-resolved.bin	tc61_flow4	CWE400_Resource_Exhaustion__connect_socket_fwrite_13.c	345	CWE400_Resource_Exhaustion__connect_socket_fwrite_13.c	360
/home/swlab-jueon/swvul/tools/java-vuln-detection/slicing/output/CPG/c/cwe400_cpg/cwe400-61-cpg-resolved.bin	tc61_flow5	CWE400_Resource_Exhaustion__connect_socket_fwrite_13.c	384	CWE400_Resource_Exhaustion__connect_socket_fwrite_13.c	399
/home/swlab-jueon/swvul/tools/java-vuln-detection/slicing/output/CPG/c/cwe400_cpg/cwe400-62-cpg-resolved.bin	tc62_flow1	CWE400_Resource_Exhaustion__connect_socket_fwrite_14.c	72	CWE400_Resource_Exhaustion__connect_socket_fwrite_14.c	123
/home/swlab-jueon/swvul/tools/java-vuln-detection/slicing/output/CPG/c/cwe400_cpg/cwe400-62-cpg-resolved.bin	tc62_flow2	CWE400_Resource_Exhaustion__connect_socket_fwrite_14.c	169	CWE400_Resource_Exhaustion__connect_socket_fwrite_14.c	219
/home/swlab-jueon/swvul/tools/java-vuln-detection/slicing/output/CPG/c/cwe400_cpg/cwe400-62-cpg-resolved.bin	tc62_flow3	CWE400_Resource_Exhaustion__connect_socket_fwrite_14.c	266	CWE400_Resource_Exhaustion__connect_socket_fwrite_14.c	311
/home/swlab-jueon/swvul/tools/java-vuln-detection/slicing/output/CPG/c/cwe400_cpg/cwe400-62-cpg-resolved.bin	tc62_flow4	CWE400_Resource_Exhaustion__connect_socket_fwrite_14.c	345	CWE400_Resource_Exhaustion__connect_socket_fwrite_14.c	360
/home/swlab-jueon/swvul/tools/java-vuln-detection/slicing/output/CPG/c/cwe400_cpg/cwe400-62-cpg-resolved.bin	tc62_flow5	CWE400_Resource_Exhaustion__connect_socket_fwrite_14.c	384	CWE400_Resource_Exhaustion__connect_socket_fwrite_14.c	399
/home/swlab-jueon/swvul/tools/java-vuln-detection/slicing/output/CPG/c/cwe400_cpg/cwe400-63-cpg-resolved.bin	tc63_flow1	CWE400_Resource_Exhaustion__connect_socket_fwrite_15.c	73	CWE400_Resource_Exhaustion__connect_socket_fwrite_15.c	130
/home/swlab-jueon/swvul/tools/java-vuln-detection/slicing/output/CPG/c/cwe400_cpg/cwe400-63-cpg-resolved.bin	tc63_flow2	CWE400_Resource_Exhaustion__connect_socket_fwrite_15.c	182	CWE400_Resource_Exhaustion__connect_socket_fwrite_15.c	237
/home/swlab-jueon/swvul/tools/java-vuln-detection/slicing/output/CPG/c/cwe400_cpg/cwe400-63-cpg-resolved.bin	tc63_flow3	CWE400_Resource_Exhaustion__connect_socket_fwrite_15.c	286	CWE400_Resource_Exhaustion__connect_socket_fwrite_15.c	337
/home/swlab-jueon/swvul/tools/java-vuln-detection/slicing/output/CPG/c/cwe400_cpg/cwe400-63-cpg-resolved.bin	tc63_flow4	CWE400_Resource_Exhaustion__connect_socket_fwrite_15.c	376	CWE400_Resource_Exhaustion__connect_socket_fwrite_15.c	393
/home/swlab-jueon/swvul/tools/java-vuln-detection/slicing/output/CPG/c/cwe400_cpg/cwe400-63-cpg-resolved.bin	tc63_flow5	CWE400_Resource_Exhaustion__connect_socket_fwrite_15.c	423	CWE400_Resource_Exhaustion__connect_socket_fwrite_15.c	444
/home/swlab-jueon/swvul/tools/java-vuln-detection/slicing/output/CPG/c/cwe400_cpg/cwe400-64-cpg-resolved.bin	tc64_flow1	CWE400_Resource_Exhaustion__connect_socket_fwrite_16.c	72	CWE400_Resource_Exhaustion__connect_socket_fwrite_16.c	124
/home/swlab-jueon/swvul/tools/java-vuln-detection/slicing/output/CPG/c/cwe400_cpg/cwe400-64-cpg-resolved.bin	tc64_flow2	CWE400_Resource_Exhaustion__connect_socket_fwrite_16.c	171	CWE400_Resource_Exhaustion__connect_socket_fwrite_16.c	217
/home/swlab-jueon/swvul/tools/java-vuln-detection/slicing/output/CPG/c/cwe400_cpg/cwe400-64-cpg-resolved.bin	tc64_flow3	CWE400_Resource_Exhaustion__connect_socket_fwrite_16.c	247	CWE400_Resource_Exhaustion__connect_socket_fwrite_16.c	263
/home/swlab-jueon/swvul/tools/java-vuln-detection/slicing/output/CPG/c/cwe400_cpg/cwe400-65-cpg-resolved.bin	tc65_flow1	CWE400_Resource_Exhaustion__connect_socket_fwrite_17.c	73	CWE400_Resource_Exhaustion__connect_socket_fwrite_17.c	124
/home/swlab-jueon/swvul/tools/java-vuln-detection/slicing/output/CPG/c/cwe400_cpg/cwe400-65-cpg-resolved.bin	tc65_flow2	CWE400_Resource_Exhaustion__connect_socket_fwrite_17.c	171	CWE400_Resource_Exhaustion__connect_socket_fwrite_17.c	216
/home/swlab-jueon/swvul/tools/java-vuln-detection/slicing/output/CPG/c/cwe400_cpg/cwe400-65-cpg-resolved.bin	tc65_flow3	CWE400_Resource_Exhaustion__connect_socket_fwrite_17.c	246	CWE400_Resource_Exhaustion__connect_socket_fwrite_17.c	261
/home/swlab-jueon/swvul/tools/java-vuln-detection/slicing/output/CPG/c/cwe400_cpg/cwe400-66-cpg-resolved.bin	tc66_flow1	CWE400_Resource_Exhaustion__connect_socket_fwrite_18.c	72	CWE400_Resource_Exhaustion__connect_socket_fwrite_18.c	122
/home/swlab-jueon/swvul/tools/java-vuln-detection/slicing/output/CPG/c/cwe400_cpg/cwe400-66-cpg-resolved.bin	tc66_flow2	CWE400_Resource_Exhaustion__connect_socket_fwrite_18.c	167	CWE400_Resource_Exhaustion__connect_socket_fwrite_18.c	211
/home/swlab-jueon/swvul/tools/java-vuln-detection/slicing/output/CPG/c/cwe400_cpg/cwe400-66-cpg-resolved.bin	tc66_flow3	CWE400_Resource_Exhaustion__connect_socket_fwrite_18.c	239	CWE400_Resource_Exhaustion__connect_socket_fwrite_18.c	253
/home/swlab-jueon/swvul/tools/java-vuln-detection/slicing/output/CPG/c/cwe400_cpg/cwe400-67-cpg-resolved.bin	tc67_flow1	CWE400_Resource_Exhaustion__connect_socket_fwrite_21.c	103	CWE400_Resource_Exhaustion__connect_socket_fwrite_21.c	64
/home/swlab-jueon/swvul/tools/java-vuln-detection/slicing/output/CPG/c/cwe400_cpg/cwe400-67-cpg-resolved.bin	tc67_flow2	CWE400_Resource_Exhaustion__connect_socket_fwrite_21.c	212	CWE400_Resource_Exhaustion__connect_socket_fwrite_21.c	168
/home/swlab-jueon/swvul/tools/java-vuln-detection/slicing/output/CPG/c/cwe400_cpg/cwe400-67-cpg-resolved.bin	tc67_flow3	CWE400_Resource_Exhaustion__connect_socket_fwrite_21.c	307	CWE400_Resource_Exhaustion__connect_socket_fwrite_21.c	263
/home/swlab-jueon/swvul/tools/java-vuln-detection/slicing/output/CPG/c/cwe400_cpg/cwe400-67-cpg-resolved.bin	tc67_flow4	CWE400_Resource_Exhaustion__connect_socket_fwrite_21.c	385	CWE400_Resource_Exhaustion__connect_socket_fwrite_21.c	364
/home/swlab-jueon/swvul/tools/java-vuln-detection/slicing/output/CPG/c/cwe400_cpg/cwe400-69-cpg-resolved.bin	tc69_flow1	CWE400_Resource_Exhaustion__connect_socket_fwrite_31.c	70	CWE400_Resource_Exhaustion__connect_socket_fwrite_31.c	121
/home/swlab-jueon/swvul/tools/java-vuln-detection/slicing/output/CPG/c/cwe400_cpg/cwe400-69-cpg-resolved.bin	tc69_flow2	CWE400_Resource_Exhaustion__connect_socket_fwrite_31.c	202	CWE400_Resource_Exhaustion__connect_socket_fwrite_31.c	247
/home/swlab-jueon/swvul/tools/java-vuln-detection/slicing/output/CPG/c/cwe400_cpg/cwe400-69-cpg-resolved.bin	tc69_flow3	CWE400_Resource_Exhaustion__connect_socket_fwrite_31.c	147	CWE400_Resource_Exhaustion__connect_socket_fwrite_31.c	162
/home/swlab-jueon/swvul/tools/java-vuln-detection/slicing/output/CPG/c/cwe400_cpg/cwe400-70-cpg-resolved.bin	tc70_flow1	CWE400_Resource_Exhaustion__connect_socket_fwrite_32.c	74	CWE400_Resource_Exhaustion__connect_socket_fwrite_32.c	126
/home/swlab-jueon/swvul/tools/java-vuln-detection/slicing/output/CPG/c/cwe400_cpg/cwe400-70-cpg-resolved.bin	tc70_flow2	CWE400_Resource_Exhaustion__connect_socket_fwrite_32.c	216	CWE400_Resource_Exhaustion__connect_socket_fwrite_32.c	262
/home/swlab-jueon/swvul/tools/java-vuln-detection/slicing/output/CPG/c/cwe400_cpg/cwe400-70-cpg-resolved.bin	tc70_flow3	CWE400_Resource_Exhaustion__connect_socket_fwrite_32.c	156	CWE400_Resource_Exhaustion__connect_socket_fwrite_32.c	172
/home/swlab-jueon/swvul/tools/java-vuln-detection/slicing/output/CPG/c/cwe400_cpg/cwe400-71-cpg-resolved.bin	tc71_flow1	CWE400_Resource_Exhaustion__connect_socket_fwrite_33.cpp	74	CWE400_Resource_Exhaustion__connect_socket_fwrite_33.cpp	124
/home/swlab-jueon/swvul/tools/java-vuln-detection/slicing/output/CPG/c/cwe400_cpg/cwe400-71-cpg-resolved.bin	tc71_flow2	CWE400_Resource_Exhaustion__connect_socket_fwrite_33.cpp	206	CWE400_Resource_Exhaustion__connect_socket_fwrite_33.cpp	250
/home/swlab-jueon/swvul/tools/java-vuln-detection/slicing/output/CPG/c/cwe400_cpg/cwe400-71-cpg-resolved.bin	tc71_flow3	CWE400_Resource_Exhaustion__connect_socket_fwrite_33.cpp	151	CWE400_Resource_Exhaustion__connect_socket_fwrite_33.cpp	165
/home/swlab-jueon/swvul/tools/java-vuln-detection/slicing/output/CPG/c/cwe400_cpg/cwe400-72-cpg-resolved.bin	tc72_flow1	CWE400_Resource_Exhaustion__connect_socket_fwrite_34.c	77	CWE400_Resource_Exhaustion__connect_socket_fwrite_34.c	128
/home/swlab-jueon/swvul/tools/java-vuln-detection/slicing/output/CPG/c/cwe400_cpg/cwe400-72-cpg-resolved.bin	tc72_flow2	CWE400_Resource_Exhaustion__connect_socket_fwrite_34.c	211	CWE400_Resource_Exhaustion__connect_socket_fwrite_34.c	256
/home/swlab-jueon/swvul/tools/java-vuln-detection/slicing/output/CPG/c/cwe400_cpg/cwe400-72-cpg-resolved.bin	tc72_flow3	CWE400_Resource_Exhaustion__connect_socket_fwrite_34.c	155	CWE400_Resource_Exhaustion__connect_socket_fwrite_34.c	170
/home/swlab-jueon/swvul/tools/java-vuln-detection/slicing/output/CPG/c/cwe400_cpg/cwe400-73-cpg-resolved.bin	tc73_flow1	CWE400_Resource_Exhaustion__connect_socket_fwrite_41.c	97	CWE400_Resource_Exhaustion__connect_socket_fwrite_41.c	59
/home/swlab-jueon/swvul/tools/java-vuln-detection/slicing/output/CPG/c/cwe400_cpg/cwe400-73-cpg-resolved.bin	tc73_flow2	CWE400_Resource_Exhaustion__connect_socket_fwrite_41.c	230	CWE400_Resource_Exhaustion__connect_socket_fwrite_41.c	187
/home/swlab-jueon/swvul/tools/java-vuln-detection/slicing/output/CPG/c/cwe400_cpg/cwe400-73-cpg-resolved.bin	tc73_flow3	CWE400_Resource_Exhaustion__connect_socket_fwrite_41.c	175	CWE400_Resource_Exhaustion__connect_socket_fwrite_41.c	155
/home/swlab-jueon/swvul/tools/java-vuln-detection/slicing/output/CPG/c/cwe400_cpg/cwe400-74-cpg-resolved.bin	tc74_flow2	CWE400_Resource_Exhaustion__connect_socket_fwrite_42.c	203	CWE400_Resource_Exhaustion__connect_socket_fwrite_42.c	254
/home/swlab-jueon/swvul/tools/java-vuln-detection/slicing/output/CPG/c/cwe400_cpg/cwe400-74-cpg-resolved.bin	tc74_flow3	CWE400_Resource_Exhaustion__connect_socket_fwrite_42.c	146	CWE400_Resource_Exhaustion__connect_socket_fwrite_42.c	167
/home/swlab-jueon/swvul/tools/java-vuln-detection/slicing/output/CPG/c/cwe400_cpg/cwe400-75-cpg-resolved.bin	tc75_flow1	CWE400_Resource_Exhaustion__connect_socket_fwrite_43.cpp	70	CWE400_Resource_Exhaustion__connect_socket_fwrite_43.cpp	126
/home/swlab-jueon/swvul/tools/java-vuln-detection/slicing/output/CPG/c/cwe400_cpg/cwe400-75-cpg-resolved.bin	tc75_flow2	CWE400_Resource_Exhaustion__connect_socket_fwrite_43.cpp	204	CWE400_Resource_Exhaustion__connect_socket_fwrite_43.cpp	254
/home/swlab-jueon/swvul/tools/java-vuln-detection/slicing/output/CPG/c/cwe400_cpg/cwe400-75-cpg-resolved.bin	tc75_flow3	CWE400_Resource_Exhaustion__connect_socket_fwrite_43.cpp	148	CWE400_Resource_Exhaustion__connect_socket_fwrite_43.cpp	168
/home/swlab-jueon/swvul/tools/java-vuln-detection/slicing/output/CPG/c/cwe400_cpg/cwe400-76-cpg-resolved.bin	tc76_flow1	CWE400_Resource_Exhaustion__connect_socket_fwrite_44.c	99	CWE400_Resource_Exhaustion__connect_socket_fwrite_44.c	59
/home/swlab-jueon/swvul/tools/java-vuln-detection/slicing/output/CPG/c/cwe400_cpg/cwe400-76-cpg-resolved.bin	tc76_flow2	CWE400_Resource_Exhaustion__connect_socket_fwrite_44.c	235	CWE400_Resource_Exhaustion__connect_socket_fwrite_44.c	191
/home/swlab-jueon/swvul/tools/java-vuln-detection/slicing/output/CPG/c/cwe400_cpg/cwe400-76-cpg-resolved.bin	tc76_flow3	CWE400_Resource_Exhaustion__connect_socket_fwrite_44.c	179	CWE400_Resource_Exhaustion__connect_socket_fwrite_44.c	158
/home/swlab-jueon/swvul/tools/java-vuln-detection/slicing/output/CPG/c/cwe400_cpg/cwe400-77-cpg-resolved.bin	tc77_flow1	CWE400_Resource_Exhaustion__connect_socket_fwrite_45.c	102	CWE400_Resource_Exhaustion__connect_socket_fwrite_45.c	64
/home/swlab-jueon/swvul/tools/java-vuln-detection/slicing/output/CPG/c/cwe400_cpg/cwe400-77-cpg-resolved.bin	tc77_flow2	CWE400_Resource_Exhaustion__connect_socket_fwrite_45.c	239	CWE400_Resource_Exhaustion__connect_socket_fwrite_45.c	196
/home/swlab-jueon/swvul/tools/java-vuln-detection/slicing/output/CPG/c/cwe400_cpg/cwe400-77-cpg-resolved.bin	tc77_flow3	CWE400_Resource_Exhaustion__connect_socket_fwrite_45.c	182	CWE400_Resource_Exhaustion__connect_socket_fwrite_45.c	162
/home/swlab-jueon/swvul/tools/java-vuln-detection/slicing/output/CPG/c/cwe400_cpg/cwe400-82-cpg-resolved.bin	tc82_flow2	CWE400_Resource_Exhaustion__connect_socket_fwrite_61b.c	141	CWE400_Resource_Exhaustion__connect_socket_fwrite_61a.c	132
/home/swlab-jueon/swvul/tools/java-vuln-detection/slicing/output/CPG/c/cwe400_cpg/cwe400-82-cpg-resolved.bin	tc82_flow3	CWE400_Resource_Exhaustion__connect_socket_fwrite_61b.c	115	CWE400_Resource_Exhaustion__connect_socket_fwrite_61a.c	104
/home/swlab-jueon/swvul/tools/java-vuln-detection/slicing/output/CPG/c/cwe400_cpg/cwe400-83-cpg-resolved.bin	tc83_flow1	CWE400_Resource_Exhaustion__connect_socket_fwrite_62b.cpp	68	CWE400_Resource_Exhaustion__connect_socket_fwrite_62a.cpp	47
/home/swlab-jueon/swvul/tools/java-vuln-detection/slicing/output/CPG/c/cwe400_cpg/cwe400-83-cpg-resolved.bin	tc83_flow2	CWE400_Resource_Exhaustion__connect_socket_fwrite_62b.cpp	140	CWE400_Resource_Exhaustion__connect_socket_fwrite_62a.cpp	113
/home/swlab-jueon/swvul/tools/java-vuln-detection/slicing/output/CPG/c/cwe400_cpg/cwe400-83-cpg-resolved.bin	tc83_flow3	CWE400_Resource_Exhaustion__connect_socket_fwrite_62b.cpp	115	CWE400_Resource_Exhaustion__connect_socket_fwrite_62a.cpp	85
/home/swlab-jueon/swvul/tools/java-vuln-detection/slicing/output/CPG/c/cwe400_cpg/cwe400-90-cpg-resolved.bin	tc90_flow1	CWE400_Resource_Exhaustion__connect_socket_fwrite_72a.cpp	78	CWE400_Resource_Exhaustion__connect_socket_fwrite_72b.cpp	45
/home/swlab-jueon/swvul/tools/java-vuln-detection/slicing/output/CPG/c/cwe400_cpg/cwe400-90-cpg-resolved.bin	tc90_flow2	CWE400_Resource_Exhaustion__connect_socket_fwrite_72a.cpp	172	CWE400_Resource_Exhaustion__connect_socket_fwrite_72b.cpp	101
/home/swlab-jueon/swvul/tools/java-vuln-detection/slicing/output/CPG/c/cwe400_cpg/cwe400-90-cpg-resolved.bin	tc90_flow3	CWE400_Resource_Exhaustion__connect_socket_fwrite_72a.cpp	136	CWE400_Resource_Exhaustion__connect_socket_fwrite_72b.cpp	78
/home/swlab-jueon/swvul/tools/java-vuln-detection/slicing/output/CPG/c/cwe400_cpg/cwe400-91-cpg-resolved.bin	tc91_flow1	CWE400_Resource_Exhaustion__connect_socket_fwrite_73a.cpp	78	CWE400_Resource_Exhaustion__connect_socket_fwrite_73b.cpp	45
/home/swlab-jueon/swvul/tools/java-vuln-detection/slicing/output/CPG/c/cwe400_cpg/cwe400-91-cpg-resolved.bin	tc91_flow2	CWE400_Resource_Exhaustion__connect_socket_fwrite_73a.cpp	172	CWE400_Resource_Exhaustion__connect_socket_fwrite_73b.cpp	101
/home/swlab-jueon/swvul/tools/java-vuln-detection/slicing/output/CPG/c/cwe400_cpg/cwe400-91-cpg-resolved.bin	tc91_flow3	CWE400_Resource_Exhaustion__connect_socket_fwrite_73a.cpp	136	CWE400_Resource_Exhaustion__connect_socket_fwrite_73b.cpp	78
/home/swlab-jueon/swvul/tools/java-vuln-detection/slicing/output/CPG/c/cwe400_cpg/cwe400-92-cpg-resolved.bin	tc92_flow1	CWE400_Resource_Exhaustion__connect_socket_fwrite_74a.cpp	78	CWE400_Resource_Exhaustion__connect_socket_fwrite_74b.cpp	45
/home/swlab-jueon/swvul/tools/java-vuln-detection/slicing/output/CPG/c/cwe400_cpg/cwe400-92-cpg-resolved.bin	tc92_flow2	CWE400_Resource_Exhaustion__connect_socket_fwrite_74a.cpp	172	CWE400_Resource_Exhaustion__connect_socket_fwrite_74b.cpp	101
/home/swlab-jueon/swvul/tools/java-vuln-detection/slicing/output/CPG/c/cwe400_cpg/cwe400-92-cpg-resolved.bin	tc92_flow3	CWE400_Resource_Exhaustion__connect_socket_fwrite_74a.cpp	136	CWE400_Resource_Exhaustion__connect_socket_fwrite_74b.cpp	78
/home/swlab-jueon/swvul/tools/java-vuln-detection/slicing/output/CPG/c/cwe400_cpg/cwe400-93-cpg-resolved.bin	tc93_flow1	CWE400_Resource_Exhaustion__connect_socket_fwrite_81a.cpp	72	CWE400_Resource_Exhaustion__connect_socket_fwrite_81_bad.cpp	40
/home/swlab-jueon/swvul/tools/java-vuln-detection/slicing/output/CPG/c/cwe400_cpg/cwe400-93-cpg-resolved.bin	tc93_flow2	CWE400_Resource_Exhaustion__connect_socket_fwrite_81a.cpp	154	CWE400_Resource_Exhaustion__connect_socket_fwrite_81_goodB2G.cpp	34
/home/swlab-jueon/swvul/tools/java-vuln-detection/slicing/output/CPG/c/cwe400_cpg/cwe400-93-cpg-resolved.bin	tc93_flow3	CWE400_Resource_Exhaustion__connect_socket_fwrite_81a.cpp	124	CWE400_Resource_Exhaustion__connect_socket_fwrite_81_goodG2B.cpp	40
/home/swlab-jueon/swvul/tools/java-vuln-detection/slicing/output/CPG/c/cwe400_cpg/cwe400-94-cpg-resolved.bin	tc94_flow1	CWE400_Resource_Exhaustion__connect_socket_fwrite_82a.cpp	72	CWE400_Resource_Exhaustion__connect_socket_fwrite_82_bad.cpp	40
/home/swlab-jueon/swvul/tools/java-vuln-detection/slicing/output/CPG/c/cwe400_cpg/cwe400-94-cpg-resolved.bin	tc94_flow2	CWE400_Resource_Exhaustion__connect_socket_fwrite_82a.cpp	156	CWE400_Resource_Exhaustion__connect_socket_fwrite_82_goodB2G.cpp	34
/home/swlab-jueon/swvul/tools/java-vuln-detection/slicing/output/CPG/c/cwe400_cpg/cwe400-94-cpg-resolved.bin	tc94_flow3	CWE400_Resource_Exhaustion__connect_socket_fwrite_82a.cpp	125	CWE400_Resource_Exhaustion__connect_socket_fwrite_82_goodG2B.cpp	40
/home/swlab-jueon/swvul/tools/java-vuln-detection/slicing/output/CPG/c/cwe400_cpg/cwe400-97-cpg-resolved.bin	tc97_flow1	CWE400_Resource_Exhaustion__connect_socket_sleep_01.c	74	CWE400_Resource_Exhaustion__connect_socket_sleep_01.c	112
/home/swlab-jueon/swvul/tools/java-vuln-detection/slicing/output/CPG/c/cwe400_cpg/cwe400-97-cpg-resolved.bin	tc97_flow2	CWE400_Resource_Exhaustion__connect_socket_sleep_01.c	158	CWE400_Resource_Exhaustion__connect_socket_sleep_01.c	196
/home/swlab-jueon/swvul/tools/java-vuln-detection/slicing/output/CPG/c/cwe400_cpg/cwe400-97-cpg-resolved.bin	tc97_flow3	CWE400_Resource_Exhaustion__connect_socket_sleep_01.c	127	CWE400_Resource_Exhaustion__connect_socket_sleep_01.c	129
/home/swlab-jueon/swvul/tools/java-vuln-detection/slicing/output/CPG/c/cwe400_cpg/cwe400-98-cpg-resolved.bin	tc98_flow1	CWE400_Resource_Exhaustion__connect_socket_sleep_02.c	76	CWE400_Resource_Exhaustion__connect_socket_sleep_02.c	117
/home/swlab-jueon/swvul/tools/java-vuln-detection/slicing/output/CPG/c/cwe400_cpg/cwe400-98-cpg-resolved.bin	tc98_flow2	CWE400_Resource_Exhaustion__connect_socket_sleep_02.c	153	CWE400_Resource_Exhaustion__connect_socket_sleep_02.c	199
/home/swlab-jueon/swvul/tools/java-vuln-detection/slicing/output/CPG/c/cwe400_cpg/cwe400-98-cpg-resolved.bin	tc98_flow3	CWE400_Resource_Exhaustion__connect_socket_sleep_02.c	238	CWE400_Resource_Exhaustion__connect_socket_sleep_02.c	279
/home/swlab-jueon/swvul/tools/java-vuln-detection/slicing/output/CPG/c/cwe400_cpg/cwe400-98-cpg-resolved.bin	tc98_flow4	CWE400_Resource_Exhaustion__connect_socket_sleep_02.c	305	CWE400_Resource_Exhaustion__connect_socket_sleep_02.c	310
/home/swlab-jueon/swvul/tools/java-vuln-detection/slicing/output/CPG/c/cwe400_cpg/cwe400-98-cpg-resolved.bin	tc98_flow5	CWE400_Resource_Exhaustion__connect_socket_sleep_02.c	324	CWE400_Resource_Exhaustion__connect_socket_sleep_02.c	329
/home/swlab-jueon/swvul/tools/java-vuln-detection/slicing/output/CPG/c/cwe400_cpg/cwe400-99-cpg-resolved.bin	tc99_flow1	CWE400_Resource_Exhaustion__connect_socket_sleep_03.c	76	CWE400_Resource_Exhaustion__connect_socket_sleep_03.c	117
/home/swlab-jueon/swvul/tools/java-vuln-detection/slicing/output/CPG/c/cwe400_cpg/cwe400-99-cpg-resolved.bin	tc99_flow2	CWE400_Resource_Exhaustion__connect_socket_sleep_03.c	153	CWE400_Resource_Exhaustion__connect_socket_sleep_03.c	199
/home/swlab-jueon/swvul/tools/java-vuln-detection/slicing/output/CPG/c/cwe400_cpg/cwe400-99-cpg-resolved.bin	tc99_flow3	CWE400_Resource_Exhaustion__connect_socket_sleep_03.c	238	CWE400_Resource_Exhaustion__connect_socket_sleep_03.c	279
/home/swlab-jueon/swvul/tools/java-vuln-detection/slicing/output/CPG/c/cwe400_cpg/cwe400-99-cpg-resolved.bin	tc99_flow4	CWE400_Resource_Exhaustion__connect_socket_sleep_03.c	305	CWE400_Resource_Exhaustion__connect_socket_sleep_03.c	310
/home/swlab-jueon/swvul/tools/java-vuln-detection/slicing/output/CPG/c/cwe400_cpg/cwe400-99-cpg-resolved.bin	tc99_flow5	CWE400_Resource_Exhaustion__connect_socket_sleep_03.c	324	CWE400_Resource_Exhaustion__connect_socket_sleep_03.c	329
/home/swlab-jueon/swvul/tools/java-vuln-detection/slicing/output/CPG/c/cwe400_cpg/cwe400-100-cpg-resolved.bin	tc100_flow1	CWE400_Resource_Exhaustion__connect_socket_sleep_04.c	82	CWE400_Resource_Exhaustion__connect_socket_sleep_04.c	123
/home/swlab-jueon/swvul/tools/java-vuln-detection/slicing/output/CPG/c/cwe400_cpg/cwe400-100-cpg-resolved.bin	tc100_flow2	CWE400_Resource_Exhaustion__connect_socket_sleep_04.c	159	CWE400_Resource_Exhaustion__connect_socket_sleep_04.c	205
/home/swlab-jueon/swvul/tools/java-vuln-detection/slicing/output/CPG/c/cwe400_cpg/cwe400-100-cpg-resolved.bin	tc100_flow3	CWE400_Resource_Exhaustion__connect_socket_sleep_04.c	244	CWE400_Resource_Exhaustion__connect_socket_sleep_04.c	285
/home/swlab-jueon/swvul/tools/java-vuln-detection/slicing/output/CPG/c/cwe400_cpg/cwe400-100-cpg-resolved.bin	tc100_flow4	CWE400_Resource_Exhaustion__connect_socket_sleep_04.c	311	CWE400_Resource_Exhaustion__connect_socket_sleep_04.c	316
/home/swlab-jueon/swvul/tools/java-vuln-detection/slicing/output/CPG/c/cwe400_cpg/cwe400-100-cpg-resolved.bin	tc100_flow5	CWE400_Resource_Exhaustion__connect_socket_sleep_04.c	330	CWE400_Resource_Exhaustion__connect_socket_sleep_04.c	335
/home/swlab-jueon/swvul/tools/java-vuln-detection/slicing/output/CPG/c/cwe400_cpg/cwe400-101-cpg-resolved.bin	tc101_flow1	CWE400_Resource_Exhaustion__connect_socket_sleep_05.c	82	CWE400_Resource_Exhaustion__connect_socket_sleep_05.c	123
/home/swlab-jueon/swvul/tools/java-vuln-detection/slicing/output/CPG/c/cwe400_cpg/cwe400-101-cpg-resolved.bin	tc101_flow2	CWE400_Resource_Exhaustion__connect_socket_sleep_05.c	159	CWE400_Resource_Exhaustion__connect_socket_sleep_05.c	205
/home/swlab-jueon/swvul/tools/java-vuln-detection/slicing/output/CPG/c/cwe400_cpg/cwe400-101-cpg-resolved.bin	tc101_flow3	CWE400_Resource_Exhaustion__connect_socket_sleep_05.c	244	CWE400_Resource_Exhaustion__connect_socket_sleep_05.c	285
/home/swlab-jueon/swvul/tools/java-vuln-detection/slicing/output/CPG/c/cwe400_cpg/cwe400-101-cpg-resolved.bin	tc101_flow4	CWE400_Resource_Exhaustion__connect_socket_sleep_05.c	311	CWE400_Resource_Exhaustion__connect_socket_sleep_05.c	316
/home/swlab-jueon/swvul/tools/java-vuln-detection/slicing/output/CPG/c/cwe400_cpg/cwe400-101-cpg-resolved.bin	tc101_flow5	CWE400_Resource_Exhaustion__connect_socket_sleep_05.c	330	CWE400_Resource_Exhaustion__connect_socket_sleep_05.c	335
/home/swlab-jueon/swvul/tools/java-vuln-detection/slicing/output/CPG/c/cwe400_cpg/cwe400-102-cpg-resolved.bin	tc102_flow1	CWE400_Resource_Exhaustion__connect_socket_sleep_06.c	81	CWE400_Resource_Exhaustion__connect_socket_sleep_06.c	122
/home/swlab-jueon/swvul/tools/java-vuln-detection/slicing/output/CPG/c/cwe400_cpg/cwe400-102-cpg-resolved.bin	tc102_flow2	CWE400_Resource_Exhaustion__connect_socket_sleep_06.c	158	CWE400_Resource_Exhaustion__connect_socket_sleep_06.c	204
/home/swlab-jueon/swvul/tools/java-vuln-detection/slicing/output/CPG/c/cwe400_cpg/cwe400-102-cpg-resolved.bin	tc102_flow3	CWE400_Resource_Exhaustion__connect_socket_sleep_06.c	243	CWE400_Resource_Exhaustion__connect_socket_sleep_06.c	284
/home/swlab-jueon/swvul/tools/java-vuln-detection/slicing/output/CPG/c/cwe400_cpg/cwe400-102-cpg-resolved.bin	tc102_flow4	CWE400_Resource_Exhaustion__connect_socket_sleep_06.c	310	CWE400_Resource_Exhaustion__connect_socket_sleep_06.c	315
/home/swlab-jueon/swvul/tools/java-vuln-detection/slicing/output/CPG/c/cwe400_cpg/cwe400-102-cpg-resolved.bin	tc102_flow5	CWE400_Resource_Exhaustion__connect_socket_sleep_06.c	329	CWE400_Resource_Exhaustion__connect_socket_sleep_06.c	334
/home/swlab-jueon/swvul/tools/java-vuln-detection/slicing/output/CPG/c/cwe400_cpg/cwe400-103-cpg-resolved.bin	tc103_flow1	CWE400_Resource_Exhaustion__connect_socket_sleep_07.c	81	CWE400_Resource_Exhaustion__connect_socket_sleep_07.c	122
/home/swlab-jueon/swvul/tools/java-vuln-detection/slicing/output/CPG/c/cwe400_cpg/cwe400-103-cpg-resolved.bin	tc103_flow2	CWE400_Resource_Exhaustion__connect_socket_sleep_07.c	158	CWE400_Resource_Exhaustion__connect_socket_sleep_07.c	204
/home/swlab-jueon/swvul/tools/java-vuln-detection/slicing/output/CPG/c/cwe400_cpg/cwe400-103-cpg-resolved.bin	tc103_flow3	CWE400_Resource_Exhaustion__connect_socket_sleep_07.c	243	CWE400_Resource_Exhaustion__connect_socket_sleep_07.c	284
/home/swlab-jueon/swvul/tools/java-vuln-detection/slicing/output/CPG/c/cwe400_cpg/cwe400-103-cpg-resolved.bin	tc103_flow4	CWE400_Resource_Exhaustion__connect_socket_sleep_07.c	310	CWE400_Resource_Exhaustion__connect_socket_sleep_07.c	315
/home/swlab-jueon/swvul/tools/java-vuln-detection/slicing/output/CPG/c/cwe400_cpg/cwe400-103-cpg-resolved.bin	tc103_flow5	CWE400_Resource_Exhaustion__connect_socket_sleep_07.c	329	CWE400_Resource_Exhaustion__connect_socket_sleep_07.c	334
/home/swlab-jueon/swvul/tools/java-vuln-detection/slicing/output/CPG/c/cwe400_cpg/cwe400-104-cpg-resolved.bin	tc104_flow1	CWE400_Resource_Exhaustion__connect_socket_sleep_08.c	89	CWE400_Resource_Exhaustion__connect_socket_sleep_08.c	130
/home/swlab-jueon/swvul/tools/java-vuln-detection/slicing/output/CPG/c/cwe400_cpg/cwe400-104-cpg-resolved.bin	tc104_flow2	CWE400_Resource_Exhaustion__connect_socket_sleep_08.c	166	CWE400_Resource_Exhaustion__connect_socket_sleep_08.c	212
/home/swlab-jueon/swvul/tools/java-vuln-detection/slicing/output/CPG/c/cwe400_cpg/cwe400-104-cpg-resolved.bin	tc104_flow3	CWE400_Resource_Exhaustion__connect_socket_sleep_08.c	251	CWE400_Resource_Exhaustion__connect_socket_sleep_08.c	292
/home/swlab-jueon/swvul/tools/java-vuln-detection/slicing/output/CPG/c/cwe400_cpg/cwe400-104-cpg-resolved.bin	tc104_flow4	CWE400_Resource_Exhaustion__connect_socket_sleep_08.c	318	CWE400_Resource_Exhaustion__connect_socket_sleep_08.c	323
/home/swlab-jueon/swvul/tools/java-vuln-detection/slicing/output/CPG/c/cwe400_cpg/cwe400-104-cpg-resolved.bin	tc104_flow5	CWE400_Resource_Exhaustion__connect_socket_sleep_08.c	337	CWE400_Resource_Exhaustion__connect_socket_sleep_08.c	342
/home/swlab-jueon/swvul/tools/java-vuln-detection/slicing/output/CPG/c/cwe400_cpg/cwe400-105-cpg-resolved.bin	tc105_flow1	CWE400_Resource_Exhaustion__connect_socket_sleep_09.c	76	CWE400_Resource_Exhaustion__connect_socket_sleep_09.c	117
/home/swlab-jueon/swvul/tools/java-vuln-detection/slicing/output/CPG/c/cwe400_cpg/cwe400-105-cpg-resolved.bin	tc105_flow2	CWE400_Resource_Exhaustion__connect_socket_sleep_09.c	153	CWE400_Resource_Exhaustion__connect_socket_sleep_09.c	199
/home/swlab-jueon/swvul/tools/java-vuln-detection/slicing/output/CPG/c/cwe400_cpg/cwe400-105-cpg-resolved.bin	tc105_flow3	CWE400_Resource_Exhaustion__connect_socket_sleep_09.c	238	CWE400_Resource_Exhaustion__connect_socket_sleep_09.c	279
/home/swlab-jueon/swvul/tools/java-vuln-detection/slicing/output/CPG/c/cwe400_cpg/cwe400-105-cpg-resolved.bin	tc105_flow4	CWE400_Resource_Exhaustion__connect_socket_sleep_09.c	305	CWE400_Resource_Exhaustion__connect_socket_sleep_09.c	310
/home/swlab-jueon/swvul/tools/java-vuln-detection/slicing/output/CPG/c/cwe400_cpg/cwe400-105-cpg-resolved.bin	tc105_flow5	CWE400_Resource_Exhaustion__connect_socket_sleep_09.c	324	CWE400_Resource_Exhaustion__connect_socket_sleep_09.c	329
/home/swlab-jueon/swvul/tools/java-vuln-detection/slicing/output/CPG/c/cwe400_cpg/cwe400-106-cpg-resolved.bin	tc106_flow1	CWE400_Resource_Exhaustion__connect_socket_sleep_10.c	76	CWE400_Resource_Exhaustion__connect_socket_sleep_10.c	117
/home/swlab-jueon/swvul/tools/java-vuln-detection/slicing/output/CPG/c/cwe400_cpg/cwe400-106-cpg-resolved.bin	tc106_flow2	CWE400_Resource_Exhaustion__connect_socket_sleep_10.c	153	CWE400_Resource_Exhaustion__connect_socket_sleep_10.c	199
/home/swlab-jueon/swvul/tools/java-vuln-detection/slicing/output/CPG/c/cwe400_cpg/cwe400-106-cpg-resolved.bin	tc106_flow3	CWE400_Resource_Exhaustion__connect_socket_sleep_10.c	238	CWE400_Resource_Exhaustion__connect_socket_sleep_10.c	279
/home/swlab-jueon/swvul/tools/java-vuln-detection/slicing/output/CPG/c/cwe400_cpg/cwe400-106-cpg-resolved.bin	tc106_flow4	CWE400_Resource_Exhaustion__connect_socket_sleep_10.c	305	CWE400_Resource_Exhaustion__connect_socket_sleep_10.c	310
/home/swlab-jueon/swvul/tools/java-vuln-detection/slicing/output/CPG/c/cwe400_cpg/cwe400-106-cpg-resolved.bin	tc106_flow5	CWE400_Resource_Exhaustion__connect_socket_sleep_10.c	324	CWE400_Resource_Exhaustion__connect_socket_sleep_10.c	329
/home/swlab-jueon/swvul/tools/java-vuln-detection/slicing/output/CPG/c/cwe400_cpg/cwe400-107-cpg-resolved.bin	tc107_flow1	CWE400_Resource_Exhaustion__connect_socket_sleep_11.c	76	CWE400_Resource_Exhaustion__connect_socket_sleep_11.c	117
/home/swlab-jueon/swvul/tools/java-vuln-detection/slicing/output/CPG/c/cwe400_cpg/cwe400-107-cpg-resolved.bin	tc107_flow2	CWE400_Resource_Exhaustion__connect_socket_sleep_11.c	153	CWE400_Resource_Exhaustion__connect_socket_sleep_11.c	199
/home/swlab-jueon/swvul/tools/java-vuln-detection/slicing/output/CPG/c/cwe400_cpg/cwe400-107-cpg-resolved.bin	tc107_flow3	CWE400_Resource_Exhaustion__connect_socket_sleep_11.c	238	CWE400_Resource_Exhaustion__connect_socket_sleep_11.c	279
/home/swlab-jueon/swvul/tools/java-vuln-detection/slicing/output/CPG/c/cwe400_cpg/cwe400-107-cpg-resolved.bin	tc107_flow4	CWE400_Resource_Exhaustion__connect_socket_sleep_11.c	305	CWE400_Resource_Exhaustion__connect_socket_sleep_11.c	310
/home/swlab-jueon/swvul/tools/java-vuln-detection/slicing/output/CPG/c/cwe400_cpg/cwe400-107-cpg-resolved.bin	tc107_flow5	CWE400_Resource_Exhaustion__connect_socket_sleep_11.c	324	CWE400_Resource_Exhaustion__connect_socket_sleep_11.c	329
/home/swlab-jueon/swvul/tools/java-vuln-detection/slicing/output/CPG/c/cwe400_cpg/cwe400-108-cpg-resolved.bin	tc108_flow2	CWE400_Resource_Exhaustion__connect_socket_sleep_12.c	173	CWE400_Resource_Exhaustion__connect_socket_sleep_12.c	286
/home/swlab-jueon/swvul/tools/java-vuln-detection/slicing/output/CPG/c/cwe400_cpg/cwe400-108-cpg-resolved.bin	tc108_flow3	CWE400_Resource_Exhaustion__connect_socket_sleep_12.c	309	CWE400_Resource_Exhaustion__connect_socket_sleep_12.c	325
/home/swlab-jueon/swvul/tools/java-vuln-detection/slicing/output/CPG/c/cwe400_cpg/cwe400-109-cpg-resolved.bin	tc109_flow1	CWE400_Resource_Exhaustion__connect_socket_sleep_13.c	76	CWE400_Resource_Exhaustion__connect_socket_sleep_13.c	117
/home/swlab-jueon/swvul/tools/java-vuln-detection/slicing/output/CPG/c/cwe400_cpg/cwe400-109-cpg-resolved.bin	tc109_flow2	CWE400_Resource_Exhaustion__connect_socket_sleep_13.c	153	CWE400_Resource_Exhaustion__connect_socket_sleep_13.c	199
/home/swlab-jueon/swvul/tools/java-vuln-detection/slicing/output/CPG/c/cwe400_cpg/cwe400-109-cpg-resolved.bin	tc109_flow3	CWE400_Resource_Exhaustion__connect_socket_sleep_13.c	238	CWE400_Resource_Exhaustion__connect_socket_sleep_13.c	279
/home/swlab-jueon/swvul/tools/java-vuln-detection/slicing/output/CPG/c/cwe400_cpg/cwe400-109-cpg-resolved.bin	tc109_flow4	CWE400_Resource_Exhaustion__connect_socket_sleep_13.c	305	CWE400_Resource_Exhaustion__connect_socket_sleep_13.c	310
/home/swlab-jueon/swvul/tools/java-vuln-detection/slicing/output/CPG/c/cwe400_cpg/cwe400-109-cpg-resolved.bin	tc109_flow5	CWE400_Resource_Exhaustion__connect_socket_sleep_13.c	324	CWE400_Resource_Exhaustion__connect_socket_sleep_13.c	329
/home/swlab-jueon/swvul/tools/java-vuln-detection/slicing/output/CPG/c/cwe400_cpg/cwe400-110-cpg-resolved.bin	tc110_flow1	CWE400_Resource_Exhaustion__connect_socket_sleep_14.c	76	CWE400_Resource_Exhaustion__connect_socket_sleep_14.c	117
/home/swlab-jueon/swvul/tools/java-vuln-detection/slicing/output/CPG/c/cwe400_cpg/cwe400-110-cpg-resolved.bin	tc110_flow2	CWE400_Resource_Exhaustion__connect_socket_sleep_14.c	153	CWE400_Resource_Exhaustion__connect_socket_sleep_14.c	199
/home/swlab-jueon/swvul/tools/java-vuln-detection/slicing/output/CPG/c/cwe400_cpg/cwe400-110-cpg-resolved.bin	tc110_flow3	CWE400_Resource_Exhaustion__connect_socket_sleep_14.c	238	CWE400_Resource_Exhaustion__connect_socket_sleep_14.c	279
/home/swlab-jueon/swvul/tools/java-vuln-detection/slicing/output/CPG/c/cwe400_cpg/cwe400-110-cpg-resolved.bin	tc110_flow4	CWE400_Resource_Exhaustion__connect_socket_sleep_14.c	305	CWE400_Resource_Exhaustion__connect_socket_sleep_14.c	310
/home/swlab-jueon/swvul/tools/java-vuln-detection/slicing/output/CPG/c/cwe400_cpg/cwe400-110-cpg-resolved.bin	tc110_flow5	CWE400_Resource_Exhaustion__connect_socket_sleep_14.c	324	CWE400_Resource_Exhaustion__connect_socket_sleep_14.c	329
/home/swlab-jueon/swvul/tools/java-vuln-detection/slicing/output/CPG/c/cwe400_cpg/cwe400-111-cpg-resolved.bin	tc111_flow1	CWE400_Resource_Exhaustion__connect_socket_sleep_15.c	77	CWE400_Resource_Exhaustion__connect_socket_sleep_15.c	124
/home/swlab-jueon/swvul/tools/java-vuln-detection/slicing/output/CPG/c/cwe400_cpg/cwe400-111-cpg-resolved.bin	tc111_flow2	CWE400_Resource_Exhaustion__connect_socket_sleep_15.c	166	CWE400_Resource_Exhaustion__connect_socket_sleep_15.c	217
/home/swlab-jueon/swvul/tools/java-vuln-detection/slicing/output/CPG/c/cwe400_cpg/cwe400-111-cpg-resolved.bin	tc111_flow3	CWE400_Resource_Exhaustion__connect_socket_sleep_15.c	258	CWE400_Resource_Exhaustion__connect_socket_sleep_15.c	305
/home/swlab-jueon/swvul/tools/java-vuln-detection/slicing/output/CPG/c/cwe400_cpg/cwe400-111-cpg-resolved.bin	tc111_flow4	CWE400_Resource_Exhaustion__connect_socket_sleep_15.c	336	CWE400_Resource_Exhaustion__connect_socket_sleep_15.c	343
/home/swlab-jueon/swvul/tools/java-vuln-detection/slicing/output/CPG/c/cwe400_cpg/cwe400-111-cpg-resolved.bin	tc111_flow5	CWE400_Resource_Exhaustion__connect_socket_sleep_15.c	363	CWE400_Resource_Exhaustion__connect_socket_sleep_15.c	374
/home/swlab-jueon/swvul/tools/java-vuln-detection/slicing/output/CPG/c/cwe400_cpg/cwe400-112-cpg-resolved.bin	tc112_flow1	CWE400_Resource_Exhaustion__connect_socket_sleep_16.c	76	CWE400_Resource_Exhaustion__connect_socket_sleep_16.c	118
/home/swlab-jueon/swvul/tools/java-vuln-detection/slicing/output/CPG/c/cwe400_cpg/cwe400-112-cpg-resolved.bin	tc112_flow2	CWE400_Resource_Exhaustion__connect_socket_sleep_16.c	155	CWE400_Resource_Exhaustion__connect_socket_sleep_16.c	197
/home/swlab-jueon/swvul/tools/java-vuln-detection/slicing/output/CPG/c/cwe400_cpg/cwe400-112-cpg-resolved.bin	tc112_flow3	CWE400_Resource_Exhaustion__connect_socket_sleep_16.c	219	CWE400_Resource_Exhaustion__connect_socket_sleep_16.c	225
/home/swlab-jueon/swvul/tools/java-vuln-detection/slicing/output/CPG/c/cwe400_cpg/cwe400-113-cpg-resolved.bin	tc113_flow1	CWE400_Resource_Exhaustion__connect_socket_sleep_17.c	77	CWE400_Resource_Exhaustion__connect_socket_sleep_17.c	118
/home/swlab-jueon/swvul/tools/java-vuln-detection/slicing/output/CPG/c/cwe400_cpg/cwe400-113-cpg-resolved.bin	tc113_flow2	CWE400_Resource_Exhaustion__connect_socket_sleep_17.c	155	CWE400_Resource_Exhaustion__connect_socket_sleep_17.c	196
/home/swlab-jueon/swvul/tools/java-vuln-detection/slicing/output/CPG/c/cwe400_cpg/cwe400-113-cpg-resolved.bin	tc113_flow3	CWE400_Resource_Exhaustion__connect_socket_sleep_17.c	218	CWE400_Resource_Exhaustion__connect_socket_sleep_17.c	223
/home/swlab-jueon/swvul/tools/java-vuln-detection/slicing/output/CPG/c/cwe400_cpg/cwe400-114-cpg-resolved.bin	tc114_flow1	CWE400_Resource_Exhaustion__connect_socket_sleep_18.c	76	CWE400_Resource_Exhaustion__connect_socket_sleep_18.c	116
/home/swlab-jueon/swvul/tools/java-vuln-detection/slicing/output/CPG/c/cwe400_cpg/cwe400-114-cpg-resolved.bin	tc114_flow2	CWE400_Resource_Exhaustion__connect_socket_sleep_18.c	151	CWE400_Resource_Exhaustion__connect_socket_sleep_18.c	191
/home/swlab-jueon/swvul/tools/java-vuln-detection/slicing/output/CPG/c/cwe400_cpg/cwe400-114-cpg-resolved.bin	tc114_flow3	CWE400_Resource_Exhaustion__connect_socket_sleep_18.c	211	CWE400_Resource_Exhaustion__connect_socket_sleep_18.c	215
/home/swlab-jueon/swvul/tools/java-vuln-detection/slicing/output/CPG/c/cwe400_cpg/cwe400-115-cpg-resolved.bin	tc115_flow1	CWE400_Resource_Exhaustion__connect_socket_sleep_21.c	87	CWE400_Resource_Exhaustion__connect_socket_sleep_21.c	58
/home/swlab-jueon/swvul/tools/java-vuln-detection/slicing/output/CPG/c/cwe400_cpg/cwe400-115-cpg-resolved.bin	tc115_flow2	CWE400_Resource_Exhaustion__connect_socket_sleep_21.c	184	CWE400_Resource_Exhaustion__connect_socket_sleep_21.c	148
/home/swlab-jueon/swvul/tools/java-vuln-detection/slicing/output/CPG/c/cwe400_cpg/cwe400-115-cpg-resolved.bin	tc115_flow3	CWE400_Resource_Exhaustion__connect_socket_sleep_21.c	267	CWE400_Resource_Exhaustion__connect_socket_sleep_21.c	231
/home/swlab-jueon/swvul/tools/java-vuln-detection/slicing/output/CPG/c/cwe400_cpg/cwe400-115-cpg-resolved.bin	tc115_flow4	CWE400_Resource_Exhaustion__connect_socket_sleep_21.c	325	CWE400_Resource_Exhaustion__connect_socket_sleep_21.c	314
/home/swlab-jueon/swvul/tools/java-vuln-detection/slicing/output/CPG/c/cwe400_cpg/cwe400-117-cpg-resolved.bin	tc117_flow1	CWE400_Resource_Exhaustion__connect_socket_sleep_31.c	74	CWE400_Resource_Exhaustion__connect_socket_sleep_31.c	115
/home/swlab-jueon/swvul/tools/java-vuln-detection/slicing/output/CPG/c/cwe400_cpg/cwe400-117-cpg-resolved.bin	tc117_flow2	CWE400_Resource_Exhaustion__connect_socket_sleep_31.c	166	CWE400_Resource_Exhaustion__connect_socket_sleep_31.c	207
/home/swlab-jueon/swvul/tools/java-vuln-detection/slicing/output/CPG/c/cwe400_cpg/cwe400-117-cpg-resolved.bin	tc117_flow3	CWE400_Resource_Exhaustion__connect_socket_sleep_31.c	131	CWE400_Resource_Exhaustion__connect_socket_sleep_31.c	136
/home/swlab-jueon/swvul/tools/java-vuln-detection/slicing/output/CPG/c/cwe400_cpg/cwe400-118-cpg-resolved.bin	tc118_flow1	CWE400_Resource_Exhaustion__connect_socket_sleep_32.c	78	CWE400_Resource_Exhaustion__connect_socket_sleep_32.c	120
/home/swlab-jueon/swvul/tools/java-vuln-detection/slicing/output/CPG/c/cwe400_cpg/cwe400-118-cpg-resolved.bin	tc118_flow2	CWE400_Resource_Exhaustion__connect_socket_sleep_32.c	180	CWE400_Resource_Exhaustion__connect_socket_sleep_32.c	222
/home/swlab-jueon/swvul/tools/java-vuln-detection/slicing/output/CPG/c/cwe400_cpg/cwe400-118-cpg-resolved.bin	tc118_flow3	CWE400_Resource_Exhaustion__connect_socket_sleep_32.c	140	CWE400_Resource_Exhaustion__connect_socket_sleep_32.c	146
/home/swlab-jueon/swvul/tools/java-vuln-detection/slicing/output/CPG/c/cwe400_cpg/cwe400-119-cpg-resolved.bin	tc119_flow1	CWE400_Resource_Exhaustion__connect_socket_sleep_33.cpp	78	CWE400_Resource_Exhaustion__connect_socket_sleep_33.cpp	118
/home/swlab-jueon/swvul/tools/java-vuln-detection/slicing/output/CPG/c/cwe400_cpg/cwe400-119-cpg-resolved.bin	tc119_flow2	CWE400_Resource_Exhaustion__connect_socket_sleep_33.cpp	170	CWE400_Resource_Exhaustion__connect_socket_sleep_33.cpp	210
/home/swlab-jueon/swvul/tools/java-vuln-detection/slicing/output/CPG/c/cwe400_cpg/cwe400-119-cpg-resolved.bin	tc119_flow3	CWE400_Resource_Exhaustion__connect_socket_sleep_33.cpp	135	CWE400_Resource_Exhaustion__connect_socket_sleep_33.cpp	139
/home/swlab-jueon/swvul/tools/java-vuln-detection/slicing/output/CPG/c/cwe400_cpg/cwe400-120-cpg-resolved.bin	tc120_flow1	CWE400_Resource_Exhaustion__connect_socket_sleep_34.c	81	CWE400_Resource_Exhaustion__connect_socket_sleep_34.c	122
/home/swlab-jueon/swvul/tools/java-vuln-detection/slicing/output/CPG/c/cwe400_cpg/cwe400-120-cpg-resolved.bin	tc120_flow2	CWE400_Resource_Exhaustion__connect_socket_sleep_34.c	175	CWE400_Resource_Exhaustion__connect_socket_sleep_34.c	216
/home/swlab-jueon/swvul/tools/java-vuln-detection/slicing/output/CPG/c/cwe400_cpg/cwe400-120-cpg-resolved.bin	tc120_flow3	CWE400_Resource_Exhaustion__connect_socket_sleep_34.c	139	CWE400_Resource_Exhaustion__connect_socket_sleep_34.c	144
/home/swlab-jueon/swvul/tools/java-vuln-detection/slicing/output/CPG/c/cwe400_cpg/cwe400-121-cpg-resolved.bin	tc121_flow1	CWE400_Resource_Exhaustion__connect_socket_sleep_41.c	81	CWE400_Resource_Exhaustion__connect_socket_sleep_41.c	53
/home/swlab-jueon/swvul/tools/java-vuln-detection/slicing/output/CPG/c/cwe400_cpg/cwe400-121-cpg-resolved.bin	tc121_flow2	CWE400_Resource_Exhaustion__connect_socket_sleep_41.c	182	CWE400_Resource_Exhaustion__connect_socket_sleep_41.c	147
/home/swlab-jueon/swvul/tools/java-vuln-detection/slicing/output/CPG/c/cwe400_cpg/cwe400-121-cpg-resolved.bin	tc121_flow3	CWE400_Resource_Exhaustion__connect_socket_sleep_41.c	139	CWE400_Resource_Exhaustion__connect_socket_sleep_41.c	129
/home/swlab-jueon/swvul/tools/java-vuln-detection/slicing/output/CPG/c/cwe400_cpg/cwe400-122-cpg-resolved.bin	tc122_flow2	CWE400_Resource_Exhaustion__connect_socket_sleep_42.c	167	CWE400_Resource_Exhaustion__connect_socket_sleep_42.c	214
/home/swlab-jueon/swvul/tools/java-vuln-detection/slicing/output/CPG/c/cwe400_cpg/cwe400-122-cpg-resolved.bin	tc122_flow3	CWE400_Resource_Exhaustion__connect_socket_sleep_42.c	130	CWE400_Resource_Exhaustion__connect_socket_sleep_42.c	141
/home/swlab-jueon/swvul/tools/java-vuln-detection/slicing/output/CPG/c/cwe400_cpg/cwe400-123-cpg-resolved.bin	tc123_flow1	CWE400_Resource_Exhaustion__connect_socket_sleep_43.cpp	74	CWE400_Resource_Exhaustion__connect_socket_sleep_43.cpp	120
/home/swlab-jueon/swvul/tools/java-vuln-detection/slicing/output/CPG/c/cwe400_cpg/cwe400-123-cpg-resolved.bin	tc123_flow2	CWE400_Resource_Exhaustion__connect_socket_sleep_43.cpp	168	CWE400_Resource_Exhaustion__connect_socket_sleep_43.cpp	214
/home/swlab-jueon/swvul/tools/java-vuln-detection/slicing/output/CPG/c/cwe400_cpg/cwe400-123-cpg-resolved.bin	tc123_flow3	CWE400_Resource_Exhaustion__connect_socket_sleep_43.cpp	132	CWE400_Resource_Exhaustion__connect_socket_sleep_43.cpp	142
/home/swlab-jueon/swvul/tools/java-vuln-detection/slicing/output/CPG/c/cwe400_cpg/cwe400-124-cpg-resolved.bin	tc124_flow1	CWE400_Resource_Exhaustion__connect_socket_sleep_44.c	83	CWE400_Resource_Exhaustion__connect_socket_sleep_44.c	53
/home/swlab-jueon/swvul/tools/java-vuln-detection/slicing/output/CPG/c/cwe400_cpg/cwe400-124-cpg-resolved.bin	tc124_flow2	CWE400_Resource_Exhaustion__connect_socket_sleep_44.c	187	CWE400_Resource_Exhaustion__connect_socket_sleep_44.c	151
/home/swlab-jueon/swvul/tools/java-vuln-detection/slicing/output/CPG/c/cwe400_cpg/cwe400-124-cpg-resolved.bin	tc124_flow3	CWE400_Resource_Exhaustion__connect_socket_sleep_44.c	143	CWE400_Resource_Exhaustion__connect_socket_sleep_44.c	132
/home/swlab-jueon/swvul/tools/java-vuln-detection/slicing/output/CPG/c/cwe400_cpg/cwe400-125-cpg-resolved.bin	tc125_flow1	CWE400_Resource_Exhaustion__connect_socket_sleep_45.c	86	CWE400_Resource_Exhaustion__connect_socket_sleep_45.c	58
/home/swlab-jueon/swvul/tools/java-vuln-detection/slicing/output/CPG/c/cwe400_cpg/cwe400-125-cpg-resolved.bin	tc125_flow2	CWE400_Resource_Exhaustion__connect_socket_sleep_45.c	191	CWE400_Resource_Exhaustion__connect_socket_sleep_45.c	156
/home/swlab-jueon/swvul/tools/java-vuln-detection/slicing/output/CPG/c/cwe400_cpg/cwe400-125-cpg-resolved.bin	tc125_flow3	CWE400_Resource_Exhaustion__connect_socket_sleep_45.c	146	CWE400_Resource_Exhaustion__connect_socket_sleep_45.c	136
/home/swlab-jueon/swvul/tools/java-vuln-detection/slicing/output/CPG/c/cwe400_cpg/cwe400-130-cpg-resolved.bin	tc130_flow2	CWE400_Resource_Exhaustion__connect_socket_sleep_61b.c	145	CWE400_Resource_Exhaustion__connect_socket_sleep_61a.c	92
/home/swlab-jueon/swvul/tools/java-vuln-detection/slicing/output/CPG/c/cwe400_cpg/cwe400-130-cpg-resolved.bin	tc130_flow3	CWE400_Resource_Exhaustion__connect_socket_sleep_61b.c	119	CWE400_Resource_Exhaustion__connect_socket_sleep_61a.c	78
/home/swlab-jueon/swvul/tools/java-vuln-detection/slicing/output/CPG/c/cwe400_cpg/cwe400-131-cpg-resolved.bin	tc131_flow1	CWE400_Resource_Exhaustion__connect_socket_sleep_62b.cpp	68	CWE400_Resource_Exhaustion__connect_socket_sleep_62a.cpp	43
/home/swlab-jueon/swvul/tools/java-vuln-detection/slicing/output/CPG/c/cwe400_cpg/cwe400-131-cpg-resolved.bin	tc131_flow2	CWE400_Resource_Exhaustion__connect_socket_sleep_62b.cpp	140	CWE400_Resource_Exhaustion__connect_socket_sleep_62a.cpp	75
/home/swlab-jueon/swvul/tools/java-vuln-detection/slicing/output/CPG/c/cwe400_cpg/cwe400-131-cpg-resolved.bin	tc131_flow3	CWE400_Resource_Exhaustion__connect_socket_sleep_62b.cpp	115	CWE400_Resource_Exhaustion__connect_socket_sleep_62a.cpp	61
/home/swlab-jueon/swvul/tools/java-vuln-detection/slicing/output/CPG/c/cwe400_cpg/cwe400-138-cpg-resolved.bin	tc138_flow1	CWE400_Resource_Exhaustion__connect_socket_sleep_72a.cpp	78	CWE400_Resource_Exhaustion__connect_socket_sleep_72b.cpp	41
/home/swlab-jueon/swvul/tools/java-vuln-detection/slicing/output/CPG/c/cwe400_cpg/cwe400-138-cpg-resolved.bin	tc138_flow2	CWE400_Resource_Exhaustion__connect_socket_sleep_72a.cpp	172	CWE400_Resource_Exhaustion__connect_socket_sleep_72b.cpp	63
/home/swlab-jueon/swvul/tools/java-vuln-detection/slicing/output/CPG/c/cwe400_cpg/cwe400-138-cpg-resolved.bin	tc138_flow3	CWE400_Resource_Exhaustion__connect_socket_sleep_72a.cpp	136	CWE400_Resource_Exhaustion__connect_socket_sleep_72b.cpp	54
/home/swlab-jueon/swvul/tools/java-vuln-detection/slicing/output/CPG/c/cwe400_cpg/cwe400-139-cpg-resolved.bin	tc139_flow1	CWE400_Resource_Exhaustion__connect_socket_sleep_73a.cpp	78	CWE400_Resource_Exhaustion__connect_socket_sleep_73b.cpp	41
/home/swlab-jueon/swvul/tools/java-vuln-detection/slicing/output/CPG/c/cwe400_cpg/cwe400-139-cpg-resolved.bin	tc139_flow2	CWE400_Resource_Exhaustion__connect_socket_sleep_73a.cpp	172	CWE400_Resource_Exhaustion__connect_socket_sleep_73b.cpp	63
/home/swlab-jueon/swvul/tools/java-vuln-detection/slicing/output/CPG/c/cwe400_cpg/cwe400-139-cpg-resolved.bin	tc139_flow3	CWE400_Resource_Exhaustion__connect_socket_sleep_73a.cpp	136	CWE400_Resource_Exhaustion__connect_socket_sleep_73b.cpp	54
/home/swlab-jueon/swvul/tools/java-vuln-detection/slicing/output/CPG/c/cwe400_cpg/cwe400-140-cpg-resolved.bin	tc140_flow1	CWE400_Resource_Exhaustion__connect_socket_sleep_74a.cpp	78	CWE400_Resource_Exhaustion__connect_socket_sleep_74b.cpp	41
/home/swlab-jueon/swvul/tools/java-vuln-detection/slicing/output/CPG/c/cwe400_cpg/cwe400-140-cpg-resolved.bin	tc140_flow2	CWE400_Resource_Exhaustion__connect_socket_sleep_74a.cpp	172	CWE400_Resource_Exhaustion__connect_socket_sleep_74b.cpp	63
/home/swlab-jueon/swvul/tools/java-vuln-detection/slicing/output/CPG/c/cwe400_cpg/cwe400-140-cpg-resolved.bin	tc140_flow3	CWE400_Resource_Exhaustion__connect_socket_sleep_74a.cpp	136	CWE400_Resource_Exhaustion__connect_socket_sleep_74b.cpp	54
/home/swlab-jueon/swvul/tools/java-vuln-detection/slicing/output/CPG/c/cwe400_cpg/cwe400-141-cpg-resolved.bin	tc141_flow1	CWE400_Resource_Exhaustion__connect_socket_sleep_81a.cpp	72	CWE400_Resource_Exhaustion__connect_socket_sleep_81_bad.cpp	36
/home/swlab-jueon/swvul/tools/java-vuln-detection/slicing/output/CPG/c/cwe400_cpg/cwe400-141-cpg-resolved.bin	tc141_flow2	CWE400_Resource_Exhaustion__connect_socket_sleep_81a.cpp	154	CWE400_Resource_Exhaustion__connect_socket_sleep_81_goodB2G.cpp	36
/home/swlab-jueon/swvul/tools/java-vuln-detection/slicing/output/CPG/c/cwe400_cpg/cwe400-141-cpg-resolved.bin	tc141_flow3	CWE400_Resource_Exhaustion__connect_socket_sleep_81a.cpp	124	CWE400_Resource_Exhaustion__connect_socket_sleep_81_goodG2B.cpp	36
/home/swlab-jueon/swvul/tools/java-vuln-detection/slicing/output/CPG/c/cwe400_cpg/cwe400-142-cpg-resolved.bin	tc142_flow1	CWE400_Resource_Exhaustion__connect_socket_sleep_82a.cpp	72	CWE400_Resource_Exhaustion__connect_socket_sleep_82_bad.cpp	36
/home/swlab-jueon/swvul/tools/java-vuln-detection/slicing/output/CPG/c/cwe400_cpg/cwe400-142-cpg-resolved.bin	tc142_flow2	CWE400_Resource_Exhaustion__connect_socket_sleep_82a.cpp	156	CWE400_Resource_Exhaustion__connect_socket_sleep_82_goodB2G.cpp	36
/home/swlab-jueon/swvul/tools/java-vuln-detection/slicing/output/CPG/c/cwe400_cpg/cwe400-142-cpg-resolved.bin	tc142_flow3	CWE400_Resource_Exhaustion__connect_socket_sleep_82a.cpp	125	CWE400_Resource_Exhaustion__connect_socket_sleep_82_goodG2B.cpp	36
/home/swlab-jueon/swvul/tools/java-vuln-detection/slicing/output/CPG/c/cwe400_cpg/cwe400-145-cpg-resolved.bin	tc145_flow1	CWE400_Resource_Exhaustion__fgets_for_loop_01.c	32	CWE400_Resource_Exhaustion__fgets_for_loop_01.c	45
/home/swlab-jueon/swvul/tools/java-vuln-detection/slicing/output/CPG/c/cwe400_cpg/cwe400-145-cpg-resolved.bin	tc145_flow2	CWE400_Resource_Exhaustion__fgets_for_loop_01.c	83	CWE400_Resource_Exhaustion__fgets_for_loop_01.c	96
/home/swlab-jueon/swvul/tools/java-vuln-detection/slicing/output/CPG/c/cwe400_cpg/cwe400-145-cpg-resolved.bin	tc145_flow3	CWE400_Resource_Exhaustion__fgets_for_loop_01.c	63	CWE400_Resource_Exhaustion__fgets_for_loop_01.c	67
/home/swlab-jueon/swvul/tools/java-vuln-detection/slicing/output/CPG/c/cwe400_cpg/cwe400-146-cpg-resolved.bin	tc146_flow1	CWE400_Resource_Exhaustion__fgets_for_loop_02.c	34	CWE400_Resource_Exhaustion__fgets_for_loop_02.c	50
/home/swlab-jueon/swvul/tools/java-vuln-detection/slicing/output/CPG/c/cwe400_cpg/cwe400-146-cpg-resolved.bin	tc146_flow2	CWE400_Resource_Exhaustion__fgets_for_loop_02.c	73	CWE400_Resource_Exhaustion__fgets_for_loop_02.c	94
/home/swlab-jueon/swvul/tools/java-vuln-detection/slicing/output/CPG/c/cwe400_cpg/cwe400-146-cpg-resolved.bin	tc146_flow3	CWE400_Resource_Exhaustion__fgets_for_loop_02.c	116	CWE400_Resource_Exhaustion__fgets_for_loop_02.c	132
/home/swlab-jueon/swvul/tools/java-vuln-detection/slicing/output/CPG/c/cwe400_cpg/cwe400-146-cpg-resolved.bin	tc146_flow4	CWE400_Resource_Exhaustion__fgets_for_loop_02.c	157	CWE400_Resource_Exhaustion__fgets_for_loop_02.c	164
/home/swlab-jueon/swvul/tools/java-vuln-detection/slicing/output/CPG/c/cwe400_cpg/cwe400-146-cpg-resolved.bin	tc146_flow5	CWE400_Resource_Exhaustion__fgets_for_loop_02.c	181	CWE400_Resource_Exhaustion__fgets_for_loop_02.c	188
/home/swlab-jueon/swvul/tools/java-vuln-detection/slicing/output/CPG/c/cwe400_cpg/cwe400-147-cpg-resolved.bin	tc147_flow1	CWE400_Resource_Exhaustion__fgets_for_loop_03.c	34	CWE400_Resource_Exhaustion__fgets_for_loop_03.c	50
/home/swlab-jueon/swvul/tools/java-vuln-detection/slicing/output/CPG/c/cwe400_cpg/cwe400-147-cpg-resolved.bin	tc147_flow2	CWE400_Resource_Exhaustion__fgets_for_loop_03.c	73	CWE400_Resource_Exhaustion__fgets_for_loop_03.c	94
/home/swlab-jueon/swvul/tools/java-vuln-detection/slicing/output/CPG/c/cwe400_cpg/cwe400-147-cpg-resolved.bin	tc147_flow3	CWE400_Resource_Exhaustion__fgets_for_loop_03.c	116	CWE400_Resource_Exhaustion__fgets_for_loop_03.c	132
/home/swlab-jueon/swvul/tools/java-vuln-detection/slicing/output/CPG/c/cwe400_cpg/cwe400-147-cpg-resolved.bin	tc147_flow4	CWE400_Resource_Exhaustion__fgets_for_loop_03.c	157	CWE400_Resource_Exhaustion__fgets_for_loop_03.c	164
/home/swlab-jueon/swvul/tools/java-vuln-detection/slicing/output/CPG/c/cwe400_cpg/cwe400-147-cpg-resolved.bin	tc147_flow5	CWE400_Resource_Exhaustion__fgets_for_loop_03.c	181	CWE400_Resource_Exhaustion__fgets_for_loop_03.c	188
/home/swlab-jueon/swvul/tools/java-vuln-detection/slicing/output/CPG/c/cwe400_cpg/cwe400-148-cpg-resolved.bin	tc148_flow1	CWE400_Resource_Exhaustion__fgets_for_loop_04.c	40	CWE400_Resource_Exhaustion__fgets_for_loop_04.c	56
/home/swlab-jueon/swvul/tools/java-vuln-detection/slicing/output/CPG/c/cwe400_cpg/cwe400-148-cpg-resolved.bin	tc148_flow2	CWE400_Resource_Exhaustion__fgets_for_loop_04.c	79	CWE400_Resource_Exhaustion__fgets_for_loop_04.c	100
/home/swlab-jueon/swvul/tools/java-vuln-detection/slicing/output/CPG/c/cwe400_cpg/cwe400-148-cpg-resolved.bin	tc148_flow3	CWE400_Resource_Exhaustion__fgets_for_loop_04.c	122	CWE400_Resource_Exhaustion__fgets_for_loop_04.c	138
/home/swlab-jueon/swvul/tools/java-vuln-detection/slicing/output/CPG/c/cwe400_cpg/cwe400-148-cpg-resolved.bin	tc148_flow4	CWE400_Resource_Exhaustion__fgets_for_loop_04.c	163	CWE400_Resource_Exhaustion__fgets_for_loop_04.c	170
/home/swlab-jueon/swvul/tools/java-vuln-detection/slicing/output/CPG/c/cwe400_cpg/cwe400-148-cpg-resolved.bin	tc148_flow5	CWE400_Resource_Exhaustion__fgets_for_loop_04.c	187	CWE400_Resource_Exhaustion__fgets_for_loop_04.c	194
/home/swlab-jueon/swvul/tools/java-vuln-detection/slicing/output/CPG/c/cwe400_cpg/cwe400-149-cpg-resolved.bin	tc149_flow1	CWE400_Resource_Exhaustion__fgets_for_loop_05.c	40	CWE400_Resource_Exhaustion__fgets_for_loop_05.c	56
/home/swlab-jueon/swvul/tools/java-vuln-detection/slicing/output/CPG/c/cwe400_cpg/cwe400-149-cpg-resolved.bin	tc149_flow2	CWE400_Resource_Exhaustion__fgets_for_loop_05.c	79	CWE400_Resource_Exhaustion__fgets_for_loop_05.c	100
/home/swlab-jueon/swvul/tools/java-vuln-detection/slicing/output/CPG/c/cwe400_cpg/cwe400-149-cpg-resolved.bin	tc149_flow3	CWE400_Resource_Exhaustion__fgets_for_loop_05.c	122	CWE400_Resource_Exhaustion__fgets_for_loop_05.c	138
/home/swlab-jueon/swvul/tools/java-vuln-detection/slicing/output/CPG/c/cwe400_cpg/cwe400-149-cpg-resolved.bin	tc149_flow4	CWE400_Resource_Exhaustion__fgets_for_loop_05.c	163	CWE400_Resource_Exhaustion__fgets_for_loop_05.c	170
/home/swlab-jueon/swvul/tools/java-vuln-detection/slicing/output/CPG/c/cwe400_cpg/cwe400-149-cpg-resolved.bin	tc149_flow5	CWE400_Resource_Exhaustion__fgets_for_loop_05.c	187	CWE400_Resource_Exhaustion__fgets_for_loop_05.c	194
/home/swlab-jueon/swvul/tools/java-vuln-detection/slicing/output/CPG/c/cwe400_cpg/cwe400-150-cpg-resolved.bin	tc150_flow1	CWE400_Resource_Exhaustion__fgets_for_loop_06.c	39	CWE400_Resource_Exhaustion__fgets_for_loop_06.c	55
/home/swlab-jueon/swvul/tools/java-vuln-detection/slicing/output/CPG/c/cwe400_cpg/cwe400-150-cpg-resolved.bin	tc150_flow2	CWE400_Resource_Exhaustion__fgets_for_loop_06.c	78	CWE400_Resource_Exhaustion__fgets_for_loop_06.c	99
/home/swlab-jueon/swvul/tools/java-vuln-detection/slicing/output/CPG/c/cwe400_cpg/cwe400-150-cpg-resolved.bin	tc150_flow3	CWE400_Resource_Exhaustion__fgets_for_loop_06.c	121	CWE400_Resource_Exhaustion__fgets_for_loop_06.c	137
/home/swlab-jueon/swvul/tools/java-vuln-detection/slicing/output/CPG/c/cwe400_cpg/cwe400-150-cpg-resolved.bin	tc150_flow4	CWE400_Resource_Exhaustion__fgets_for_loop_06.c	162	CWE400_Resource_Exhaustion__fgets_for_loop_06.c	169
/home/swlab-jueon/swvul/tools/java-vuln-detection/slicing/output/CPG/c/cwe400_cpg/cwe400-150-cpg-resolved.bin	tc150_flow5	CWE400_Resource_Exhaustion__fgets_for_loop_06.c	186	CWE400_Resource_Exhaustion__fgets_for_loop_06.c	193
/home/swlab-jueon/swvul/tools/java-vuln-detection/slicing/output/CPG/c/cwe400_cpg/cwe400-151-cpg-resolved.bin	tc151_flow1	CWE400_Resource_Exhaustion__fgets_for_loop_07.c	39	CWE400_Resource_Exhaustion__fgets_for_loop_07.c	55
/home/swlab-jueon/swvul/tools/java-vuln-detection/slicing/output/CPG/c/cwe400_cpg/cwe400-151-cpg-resolved.bin	tc151_flow2	CWE400_Resource_Exhaustion__fgets_for_loop_07.c	78	CWE400_Resource_Exhaustion__fgets_for_loop_07.c	99
/home/swlab-jueon/swvul/tools/java-vuln-detection/slicing/output/CPG/c/cwe400_cpg/cwe400-151-cpg-resolved.bin	tc151_flow3	CWE400_Resource_Exhaustion__fgets_for_loop_07.c	121	CWE400_Resource_Exhaustion__fgets_for_loop_07.c	137
/home/swlab-jueon/swvul/tools/java-vuln-detection/slicing/output/CPG/c/cwe400_cpg/cwe400-151-cpg-resolved.bin	tc151_flow4	CWE400_Resource_Exhaustion__fgets_for_loop_07.c	162	CWE400_Resource_Exhaustion__fgets_for_loop_07.c	169
/home/swlab-jueon/swvul/tools/java-vuln-detection/slicing/output/CPG/c/cwe400_cpg/cwe400-151-cpg-resolved.bin	tc151_flow5	CWE400_Resource_Exhaustion__fgets_for_loop_07.c	186	CWE400_Resource_Exhaustion__fgets_for_loop_07.c	193
/home/swlab-jueon/swvul/tools/java-vuln-detection/slicing/output/CPG/c/cwe400_cpg/cwe400-152-cpg-resolved.bin	tc152_flow1	CWE400_Resource_Exhaustion__fgets_for_loop_08.c	47	CWE400_Resource_Exhaustion__fgets_for_loop_08.c	63
/home/swlab-jueon/swvul/tools/java-vuln-detection/slicing/output/CPG/c/cwe400_cpg/cwe400-152-cpg-resolved.bin	tc152_flow2	CWE400_Resource_Exhaustion__fgets_for_loop_08.c	86	CWE400_Resource_Exhaustion__fgets_for_loop_08.c	107
/home/swlab-jueon/swvul/tools/java-vuln-detection/slicing/output/CPG/c/cwe400_cpg/cwe400-152-cpg-resolved.bin	tc152_flow3	CWE400_Resource_Exhaustion__fgets_for_loop_08.c	129	CWE400_Resource_Exhaustion__fgets_for_loop_08.c	145
/home/swlab-jueon/swvul/tools/java-vuln-detection/slicing/output/CPG/c/cwe400_cpg/cwe400-152-cpg-resolved.bin	tc152_flow4	CWE400_Resource_Exhaustion__fgets_for_loop_08.c	170	CWE400_Resource_Exhaustion__fgets_for_loop_08.c	177
/home/swlab-jueon/swvul/tools/java-vuln-detection/slicing/output/CPG/c/cwe400_cpg/cwe400-152-cpg-resolved.bin	tc152_flow5	CWE400_Resource_Exhaustion__fgets_for_loop_08.c	194	CWE400_Resource_Exhaustion__fgets_for_loop_08.c	201
/home/swlab-jueon/swvul/tools/java-vuln-detection/slicing/output/CPG/c/cwe400_cpg/cwe400-153-cpg-resolved.bin	tc153_flow1	CWE400_Resource_Exhaustion__fgets_for_loop_09.c	34	CWE400_Resource_Exhaustion__fgets_for_loop_09.c	50
/home/swlab-jueon/swvul/tools/java-vuln-detection/slicing/output/CPG/c/cwe400_cpg/cwe400-153-cpg-resolved.bin	tc153_flow2	CWE400_Resource_Exhaustion__fgets_for_loop_09.c	73	CWE400_Resource_Exhaustion__fgets_for_loop_09.c	94
/home/swlab-jueon/swvul/tools/java-vuln-detection/slicing/output/CPG/c/cwe400_cpg/cwe400-153-cpg-resolved.bin	tc153_flow3	CWE400_Resource_Exhaustion__fgets_for_loop_09.c	116	CWE400_Resource_Exhaustion__fgets_for_loop_09.c	132
/home/swlab-jueon/swvul/tools/java-vuln-detection/slicing/output/CPG/c/cwe400_cpg/cwe400-153-cpg-resolved.bin	tc153_flow4	CWE400_Resource_Exhaustion__fgets_for_loop_09.c	157	CWE400_Resource_Exhaustion__fgets_for_loop_09.c	164
/home/swlab-jueon/swvul/tools/java-vuln-detection/slicing/output/CPG/c/cwe400_cpg/cwe400-153-cpg-resolved.bin	tc153_flow5	CWE400_Resource_Exhaustion__fgets_for_loop_09.c	181	CWE400_Resource_Exhaustion__fgets_for_loop_09.c	188
/home/swlab-jueon/swvul/tools/java-vuln-detection/slicing/output/CPG/c/cwe400_cpg/cwe400-154-cpg-resolved.bin	tc154_flow1	CWE400_Resource_Exhaustion__fgets_for_loop_10.c	34	CWE400_Resource_Exhaustion__fgets_for_loop_10.c	50
/home/swlab-jueon/swvul/tools/java-vuln-detection/slicing/output/CPG/c/cwe400_cpg/cwe400-154-cpg-resolved.bin	tc154_flow2	CWE400_Resource_Exhaustion__fgets_for_loop_10.c	73	CWE400_Resource_Exhaustion__fgets_for_loop_10.c	94
/home/swlab-jueon/swvul/tools/java-vuln-detection/slicing/output/CPG/c/cwe400_cpg/cwe400-154-cpg-resolved.bin	tc154_flow3	CWE400_Resource_Exhaustion__fgets_for_loop_10.c	116	CWE400_Resource_Exhaustion__fgets_for_loop_10.c	132
/home/swlab-jueon/swvul/tools/java-vuln-detection/slicing/output/CPG/c/cwe400_cpg/cwe400-154-cpg-resolved.bin	tc154_flow4	CWE400_Resource_Exhaustion__fgets_for_loop_10.c	157	CWE400_Resource_Exhaustion__fgets_for_loop_10.c	164
/home/swlab-jueon/swvul/tools/java-vuln-detection/slicing/output/CPG/c/cwe400_cpg/cwe400-154-cpg-resolved.bin	tc154_flow5	CWE400_Resource_Exhaustion__fgets_for_loop_10.c	181	CWE400_Resource_Exhaustion__fgets_for_loop_10.c	188
/home/swlab-jueon/swvul/tools/java-vuln-detection/slicing/output/CPG/c/cwe400_cpg/cwe400-155-cpg-resolved.bin	tc155_flow1	CWE400_Resource_Exhaustion__fgets_for_loop_11.c	34	CWE400_Resource_Exhaustion__fgets_for_loop_11.c	50
/home/swlab-jueon/swvul/tools/java-vuln-detection/slicing/output/CPG/c/cwe400_cpg/cwe400-155-cpg-resolved.bin	tc155_flow2	CWE400_Resource_Exhaustion__fgets_for_loop_11.c	73	CWE400_Resource_Exhaustion__fgets_for_loop_11.c	94
/home/swlab-jueon/swvul/tools/java-vuln-detection/slicing/output/CPG/c/cwe400_cpg/cwe400-155-cpg-resolved.bin	tc155_flow3	CWE400_Resource_Exhaustion__fgets_for_loop_11.c	116	CWE400_Resource_Exhaustion__fgets_for_loop_11.c	132
/home/swlab-jueon/swvul/tools/java-vuln-detection/slicing/output/CPG/c/cwe400_cpg/cwe400-155-cpg-resolved.bin	tc155_flow4	CWE400_Resource_Exhaustion__fgets_for_loop_11.c	157	CWE400_Resource_Exhaustion__fgets_for_loop_11.c	164
/home/swlab-jueon/swvul/tools/java-vuln-detection/slicing/output/CPG/c/cwe400_cpg/cwe400-155-cpg-resolved.bin	tc155_flow5	CWE400_Resource_Exhaustion__fgets_for_loop_11.c	181	CWE400_Resource_Exhaustion__fgets_for_loop_11.c	188
/home/swlab-jueon/swvul/tools/java-vuln-detection/slicing/output/CPG/c/cwe400_cpg/cwe400-156-cpg-resolved.bin	tc156_flow2	CWE400_Resource_Exhaustion__fgets_for_loop_12.c	94	CWE400_Resource_Exhaustion__fgets_for_loop_12.c	140
/home/swlab-jueon/swvul/tools/java-vuln-detection/slicing/output/CPG/c/cwe400_cpg/cwe400-156-cpg-resolved.bin	tc156_flow3	CWE400_Resource_Exhaustion__fgets_for_loop_12.c	162	CWE400_Resource_Exhaustion__fgets_for_loop_12.c	185
/home/swlab-jueon/swvul/tools/java-vuln-detection/slicing/output/CPG/c/cwe400_cpg/cwe400-157-cpg-resolved.bin	tc157_flow1	CWE400_Resource_Exhaustion__fgets_for_loop_13.c	34	CWE400_Resource_Exhaustion__fgets_for_loop_13.c	50
/home/swlab-jueon/swvul/tools/java-vuln-detection/slicing/output/CPG/c/cwe400_cpg/cwe400-157-cpg-resolved.bin	tc157_flow2	CWE400_Resource_Exhaustion__fgets_for_loop_13.c	73	CWE400_Resource_Exhaustion__fgets_for_loop_13.c	94
/home/swlab-jueon/swvul/tools/java-vuln-detection/slicing/output/CPG/c/cwe400_cpg/cwe400-157-cpg-resolved.bin	tc157_flow3	CWE400_Resource_Exhaustion__fgets_for_loop_13.c	116	CWE400_Resource_Exhaustion__fgets_for_loop_13.c	132
/home/swlab-jueon/swvul/tools/java-vuln-detection/slicing/output/CPG/c/cwe400_cpg/cwe400-157-cpg-resolved.bin	tc157_flow4	CWE400_Resource_Exhaustion__fgets_for_loop_13.c	157	CWE400_Resource_Exhaustion__fgets_for_loop_13.c	164
/home/swlab-jueon/swvul/tools/java-vuln-detection/slicing/output/CPG/c/cwe400_cpg/cwe400-157-cpg-resolved.bin	tc157_flow5	CWE400_Resource_Exhaustion__fgets_for_loop_13.c	181	CWE400_Resource_Exhaustion__fgets_for_loop_13.c	188
/home/swlab-jueon/swvul/tools/java-vuln-detection/slicing/output/CPG/c/cwe400_cpg/cwe400-158-cpg-resolved.bin	tc158_flow1	CWE400_Resource_Exhaustion__fgets_for_loop_14.c	34	CWE400_Resource_Exhaustion__fgets_for_loop_14.c	50
/home/swlab-jueon/swvul/tools/java-vuln-detection/slicing/output/CPG/c/cwe400_cpg/cwe400-158-cpg-resolved.bin	tc158_flow2	CWE400_Resource_Exhaustion__fgets_for_loop_14.c	73	CWE400_Resource_Exhaustion__fgets_for_loop_14.c	94
/home/swlab-jueon/swvul/tools/java-vuln-detection/slicing/output/CPG/c/cwe400_cpg/cwe400-158-cpg-resolved.bin	tc158_flow3	CWE400_Resource_Exhaustion__fgets_for_loop_14.c	116	CWE400_Resource_Exhaustion__fgets_for_loop_14.c	132
/home/swlab-jueon/swvul/tools/java-vuln-detection/slicing/output/CPG/c/cwe400_cpg/cwe400-158-cpg-resolved.bin	tc158_flow4	CWE400_Resource_Exhaustion__fgets_for_loop_14.c	157	CWE400_Resource_Exhaustion__fgets_for_loop_14.c	164
/home/swlab-jueon/swvul/tools/java-vuln-detection/slicing/output/CPG/c/cwe400_cpg/cwe400-158-cpg-resolved.bin	tc158_flow5	CWE400_Resource_Exhaustion__fgets_for_loop_14.c	181	CWE400_Resource_Exhaustion__fgets_for_loop_14.c	188
/home/swlab-jueon/swvul/tools/java-vuln-detection/slicing/output/CPG/c/cwe400_cpg/cwe400-159-cpg-resolved.bin	tc159_flow1	CWE400_Resource_Exhaustion__fgets_for_loop_15.c	35	CWE400_Resource_Exhaustion__fgets_for_loop_15.c	57
/home/swlab-jueon/swvul/tools/java-vuln-detection/slicing/output/CPG/c/cwe400_cpg/cwe400-159-cpg-resolved.bin	tc159_flow2	CWE400_Resource_Exhaustion__fgets_for_loop_15.c	86	CWE400_Resource_Exhaustion__fgets_for_loop_15.c	112
/home/swlab-jueon/swvul/tools/java-vuln-detection/slicing/output/CPG/c/cwe400_cpg/cwe400-159-cpg-resolved.bin	tc159_flow3	CWE400_Resource_Exhaustion__fgets_for_loop_15.c	136	CWE400_Resource_Exhaustion__fgets_for_loop_15.c	158
/home/swlab-jueon/swvul/tools/java-vuln-detection/slicing/output/CPG/c/cwe400_cpg/cwe400-159-cpg-resolved.bin	tc159_flow4	CWE400_Resource_Exhaustion__fgets_for_loop_15.c	188	CWE400_Resource_Exhaustion__fgets_for_loop_15.c	197
/home/swlab-jueon/swvul/tools/java-vuln-detection/slicing/output/CPG/c/cwe400_cpg/cwe400-159-cpg-resolved.bin	tc159_flow5	CWE400_Resource_Exhaustion__fgets_for_loop_15.c	220	CWE400_Resource_Exhaustion__fgets_for_loop_15.c	233
/home/swlab-jueon/swvul/tools/java-vuln-detection/slicing/output/CPG/c/cwe400_cpg/cwe400-160-cpg-resolved.bin	tc160_flow1	CWE400_Resource_Exhaustion__fgets_for_loop_16.c	34	CWE400_Resource_Exhaustion__fgets_for_loop_16.c	51
/home/swlab-jueon/swvul/tools/java-vuln-detection/slicing/output/CPG/c/cwe400_cpg/cwe400-160-cpg-resolved.bin	tc160_flow2	CWE400_Resource_Exhaustion__fgets_for_loop_16.c	75	CWE400_Resource_Exhaustion__fgets_for_loop_16.c	92
/home/swlab-jueon/swvul/tools/java-vuln-detection/slicing/output/CPG/c/cwe400_cpg/cwe400-160-cpg-resolved.bin	tc160_flow3	CWE400_Resource_Exhaustion__fgets_for_loop_16.c	113	CWE400_Resource_Exhaustion__fgets_for_loop_16.c	121
/home/swlab-jueon/swvul/tools/java-vuln-detection/slicing/output/CPG/c/cwe400_cpg/cwe400-161-cpg-resolved.bin	tc161_flow1	CWE400_Resource_Exhaustion__fgets_for_loop_17.c	35	CWE400_Resource_Exhaustion__fgets_for_loop_17.c	51
/home/swlab-jueon/swvul/tools/java-vuln-detection/slicing/output/CPG/c/cwe400_cpg/cwe400-161-cpg-resolved.bin	tc161_flow2	CWE400_Resource_Exhaustion__fgets_for_loop_17.c	75	CWE400_Resource_Exhaustion__fgets_for_loop_17.c	91
/home/swlab-jueon/swvul/tools/java-vuln-detection/slicing/output/CPG/c/cwe400_cpg/cwe400-161-cpg-resolved.bin	tc161_flow3	CWE400_Resource_Exhaustion__fgets_for_loop_17.c	112	CWE400_Resource_Exhaustion__fgets_for_loop_17.c	119
/home/swlab-jueon/swvul/tools/java-vuln-detection/slicing/output/CPG/c/cwe400_cpg/cwe400-162-cpg-resolved.bin	tc162_flow1	CWE400_Resource_Exhaustion__fgets_for_loop_18.c	34	CWE400_Resource_Exhaustion__fgets_for_loop_18.c	49
/home/swlab-jueon/swvul/tools/java-vuln-detection/slicing/output/CPG/c/cwe400_cpg/cwe400-162-cpg-resolved.bin	tc162_flow2	CWE400_Resource_Exhaustion__fgets_for_loop_18.c	71	CWE400_Resource_Exhaustion__fgets_for_loop_18.c	86
/home/swlab-jueon/swvul/tools/java-vuln-detection/slicing/output/CPG/c/cwe400_cpg/cwe400-162-cpg-resolved.bin	tc162_flow3	CWE400_Resource_Exhaustion__fgets_for_loop_18.c	105	CWE400_Resource_Exhaustion__fgets_for_loop_18.c	111
/home/swlab-jueon/swvul/tools/java-vuln-detection/slicing/output/CPG/c/cwe400_cpg/cwe400-163-cpg-resolved.bin	tc163_flow1	CWE400_Resource_Exhaustion__fgets_for_loop_21.c	50	CWE400_Resource_Exhaustion__fgets_for_loop_21.c	34
/home/swlab-jueon/swvul/tools/java-vuln-detection/slicing/output/CPG/c/cwe400_cpg/cwe400-163-cpg-resolved.bin	tc163_flow2	CWE400_Resource_Exhaustion__fgets_for_loop_21.c	105	CWE400_Resource_Exhaustion__fgets_for_loop_21.c	86
/home/swlab-jueon/swvul/tools/java-vuln-detection/slicing/output/CPG/c/cwe400_cpg/cwe400-163-cpg-resolved.bin	tc163_flow3	CWE400_Resource_Exhaustion__fgets_for_loop_21.c	146	CWE400_Resource_Exhaustion__fgets_for_loop_21.c	127
/home/swlab-jueon/swvul/tools/java-vuln-detection/slicing/output/CPG/c/cwe400_cpg/cwe400-163-cpg-resolved.bin	tc163_flow4	CWE400_Resource_Exhaustion__fgets_for_loop_21.c	182	CWE400_Resource_Exhaustion__fgets_for_loop_21.c	168
/home/swlab-jueon/swvul/tools/java-vuln-detection/slicing/output/CPG/c/cwe400_cpg/cwe400-165-cpg-resolved.bin	tc165_flow1	CWE400_Resource_Exhaustion__fgets_for_loop_31.c	32	CWE400_Resource_Exhaustion__fgets_for_loop_31.c	48
/home/swlab-jueon/swvul/tools/java-vuln-detection/slicing/output/CPG/c/cwe400_cpg/cwe400-165-cpg-resolved.bin	tc165_flow2	CWE400_Resource_Exhaustion__fgets_for_loop_31.c	91	CWE400_Resource_Exhaustion__fgets_for_loop_31.c	107
/home/swlab-jueon/swvul/tools/java-vuln-detection/slicing/output/CPG/c/cwe400_cpg/cwe400-165-cpg-resolved.bin	tc165_flow3	CWE400_Resource_Exhaustion__fgets_for_loop_31.c	67	CWE400_Resource_Exhaustion__fgets_for_loop_31.c	74
/home/swlab-jueon/swvul/tools/java-vuln-detection/slicing/output/CPG/c/cwe400_cpg/cwe400-166-cpg-resolved.bin	tc166_flow1	CWE400_Resource_Exhaustion__fgets_for_loop_32.c	36	CWE400_Resource_Exhaustion__fgets_for_loop_32.c	53
/home/swlab-jueon/swvul/tools/java-vuln-detection/slicing/output/CPG/c/cwe400_cpg/cwe400-166-cpg-resolved.bin	tc166_flow2	CWE400_Resource_Exhaustion__fgets_for_loop_32.c	105	CWE400_Resource_Exhaustion__fgets_for_loop_32.c	122
/home/swlab-jueon/swvul/tools/java-vuln-detection/slicing/output/CPG/c/cwe400_cpg/cwe400-166-cpg-resolved.bin	tc166_flow3	CWE400_Resource_Exhaustion__fgets_for_loop_32.c	76	CWE400_Resource_Exhaustion__fgets_for_loop_32.c	84
/home/swlab-jueon/swvul/tools/java-vuln-detection/slicing/output/CPG/c/cwe400_cpg/cwe400-167-cpg-resolved.bin	tc167_flow1	CWE400_Resource_Exhaustion__fgets_for_loop_33.cpp	36	CWE400_Resource_Exhaustion__fgets_for_loop_33.cpp	51
/home/swlab-jueon/swvul/tools/java-vuln-detection/slicing/output/CPG/c/cwe400_cpg/cwe400-167-cpg-resolved.bin	tc167_flow2	CWE400_Resource_Exhaustion__fgets_for_loop_33.cpp	95	CWE400_Resource_Exhaustion__fgets_for_loop_33.cpp	110
/home/swlab-jueon/swvul/tools/java-vuln-detection/slicing/output/CPG/c/cwe400_cpg/cwe400-167-cpg-resolved.bin	tc167_flow3	CWE400_Resource_Exhaustion__fgets_for_loop_33.cpp	71	CWE400_Resource_Exhaustion__fgets_for_loop_33.cpp	77
/home/swlab-jueon/swvul/tools/java-vuln-detection/slicing/output/CPG/c/cwe400_cpg/cwe400-168-cpg-resolved.bin	tc168_flow1	CWE400_Resource_Exhaustion__fgets_for_loop_34.c	39	CWE400_Resource_Exhaustion__fgets_for_loop_34.c	55
/home/swlab-jueon/swvul/tools/java-vuln-detection/slicing/output/CPG/c/cwe400_cpg/cwe400-168-cpg-resolved.bin	tc168_flow2	CWE400_Resource_Exhaustion__fgets_for_loop_34.c	100	CWE400_Resource_Exhaustion__fgets_for_loop_34.c	116
/home/swlab-jueon/swvul/tools/java-vuln-detection/slicing/output/CPG/c/cwe400_cpg/cwe400-168-cpg-resolved.bin	tc168_flow3	CWE400_Resource_Exhaustion__fgets_for_loop_34.c	75	CWE400_Resource_Exhaustion__fgets_for_loop_34.c	82
/home/swlab-jueon/swvul/tools/java-vuln-detection/slicing/output/CPG/c/cwe400_cpg/cwe400-169-cpg-resolved.bin	tc169_flow1	CWE400_Resource_Exhaustion__fgets_for_loop_41.c	44	CWE400_Resource_Exhaustion__fgets_for_loop_41.c	29
/home/swlab-jueon/swvul/tools/java-vuln-detection/slicing/output/CPG/c/cwe400_cpg/cwe400-169-cpg-resolved.bin	tc169_flow2	CWE400_Resource_Exhaustion__fgets_for_loop_41.c	108	CWE400_Resource_Exhaustion__fgets_for_loop_41.c	90
/home/swlab-jueon/swvul/tools/java-vuln-detection/slicing/output/CPG/c/cwe400_cpg/cwe400-169-cpg-resolved.bin	tc169_flow3	CWE400_Resource_Exhaustion__fgets_for_loop_41.c	80	CWE400_Resource_Exhaustion__fgets_for_loop_41.c	67
/home/swlab-jueon/swvul/tools/java-vuln-detection/slicing/output/CPG/c/cwe400_cpg/cwe400-170-cpg-resolved.bin	tc170_flow2	CWE400_Resource_Exhaustion__fgets_for_loop_42.c	92	CWE400_Resource_Exhaustion__fgets_for_loop_42.c	114
/home/swlab-jueon/swvul/tools/java-vuln-detection/slicing/output/CPG/c/cwe400_cpg/cwe400-170-cpg-resolved.bin	tc170_flow3	CWE400_Resource_Exhaustion__fgets_for_loop_42.c	66	CWE400_Resource_Exhaustion__fgets_for_loop_42.c	79
/home/swlab-jueon/swvul/tools/java-vuln-detection/slicing/output/CPG/c/cwe400_cpg/cwe400-171-cpg-resolved.bin	tc171_flow1	CWE400_Resource_Exhaustion__fgets_for_loop_43.cpp	32	CWE400_Resource_Exhaustion__fgets_for_loop_43.cpp	53
/home/swlab-jueon/swvul/tools/java-vuln-detection/slicing/output/CPG/c/cwe400_cpg/cwe400-171-cpg-resolved.bin	tc171_flow2	CWE400_Resource_Exhaustion__fgets_for_loop_43.cpp	93	CWE400_Resource_Exhaustion__fgets_for_loop_43.cpp	114
/home/swlab-jueon/swvul/tools/java-vuln-detection/slicing/output/CPG/c/cwe400_cpg/cwe400-171-cpg-resolved.bin	tc171_flow3	CWE400_Resource_Exhaustion__fgets_for_loop_43.cpp	68	CWE400_Resource_Exhaustion__fgets_for_loop_43.cpp	80
/home/swlab-jueon/swvul/tools/java-vuln-detection/slicing/output/CPG/c/cwe400_cpg/cwe400-172-cpg-resolved.bin	tc172_flow1	CWE400_Resource_Exhaustion__fgets_for_loop_44.c	46	CWE400_Resource_Exhaustion__fgets_for_loop_44.c	29
/home/swlab-jueon/swvul/tools/java-vuln-detection/slicing/output/CPG/c/cwe400_cpg/cwe400-172-cpg-resolved.bin	tc172_flow2	CWE400_Resource_Exhaustion__fgets_for_loop_44.c	113	CWE400_Resource_Exhaustion__fgets_for_loop_44.c	94
/home/swlab-jueon/swvul/tools/java-vuln-detection/slicing/output/CPG/c/cwe400_cpg/cwe400-172-cpg-resolved.bin	tc172_flow3	CWE400_Resource_Exhaustion__fgets_for_loop_44.c	84	CWE400_Resource_Exhaustion__fgets_for_loop_44.c	70
/home/swlab-jueon/swvul/tools/java-vuln-detection/slicing/output/CPG/c/cwe400_cpg/cwe400-173-cpg-resolved.bin	tc173_flow1	CWE400_Resource_Exhaustion__fgets_for_loop_45.c	49	CWE400_Resource_Exhaustion__fgets_for_loop_45.c	34
/home/swlab-jueon/swvul/tools/java-vuln-detection/slicing/output/CPG/c/cwe400_cpg/cwe400-173-cpg-resolved.bin	tc173_flow2	CWE400_Resource_Exhaustion__fgets_for_loop_45.c	117	CWE400_Resource_Exhaustion__fgets_for_loop_45.c	99
/home/swlab-jueon/swvul/tools/java-vuln-detection/slicing/output/CPG/c/cwe400_cpg/cwe400-173-cpg-resolved.bin	tc173_flow3	CWE400_Resource_Exhaustion__fgets_for_loop_45.c	87	CWE400_Resource_Exhaustion__fgets_for_loop_45.c	74
/home/swlab-jueon/swvul/tools/java-vuln-detection/slicing/output/CPG/c/cwe400_cpg/cwe400-178-cpg-resolved.bin	tc178_flow2	CWE400_Resource_Exhaustion__fgets_for_loop_61b.c	60	CWE400_Resource_Exhaustion__fgets_for_loop_61a.c	78
/home/swlab-jueon/swvul/tools/java-vuln-detection/slicing/output/CPG/c/cwe400_cpg/cwe400-178-cpg-resolved.bin	tc178_flow3	CWE400_Resource_Exhaustion__fgets_for_loop_61b.c	50	CWE400_Resource_Exhaustion__fgets_for_loop_61a.c	59
/home/swlab-jueon/swvul/tools/java-vuln-detection/slicing/output/CPG/c/cwe400_cpg/cwe400-179-cpg-resolved.bin	tc179_flow1	CWE400_Resource_Exhaustion__fgets_for_loop_62b.cpp	32	CWE400_Resource_Exhaustion__fgets_for_loop_62a.cpp	37
/home/swlab-jueon/swvul/tools/java-vuln-detection/slicing/output/CPG/c/cwe400_cpg/cwe400-179-cpg-resolved.bin	tc179_flow2	CWE400_Resource_Exhaustion__fgets_for_loop_62b.cpp	61	CWE400_Resource_Exhaustion__fgets_for_loop_62a.cpp	79
/home/swlab-jueon/swvul/tools/java-vuln-detection/slicing/output/CPG/c/cwe400_cpg/cwe400-179-cpg-resolved.bin	tc179_flow3	CWE400_Resource_Exhaustion__fgets_for_loop_62b.cpp	52	CWE400_Resource_Exhaustion__fgets_for_loop_62a.cpp	60
/home/swlab-jueon/swvul/tools/java-vuln-detection/slicing/output/CPG/c/cwe400_cpg/cwe400-186-cpg-resolved.bin	tc186_flow1	CWE400_Resource_Exhaustion__fgets_for_loop_72a.cpp	42	CWE400_Resource_Exhaustion__fgets_for_loop_72b.cpp	35
/home/swlab-jueon/swvul/tools/java-vuln-detection/slicing/output/CPG/c/cwe400_cpg/cwe400-186-cpg-resolved.bin	tc186_flow2	CWE400_Resource_Exhaustion__fgets_for_loop_72a.cpp	93	CWE400_Resource_Exhaustion__fgets_for_loop_72b.cpp	67
/home/swlab-jueon/swvul/tools/java-vuln-detection/slicing/output/CPG/c/cwe400_cpg/cwe400-186-cpg-resolved.bin	tc186_flow3	CWE400_Resource_Exhaustion__fgets_for_loop_72a.cpp	73	CWE400_Resource_Exhaustion__fgets_for_loop_72b.cpp	53
/home/swlab-jueon/swvul/tools/java-vuln-detection/slicing/output/CPG/c/cwe400_cpg/cwe400-187-cpg-resolved.bin	tc187_flow1	CWE400_Resource_Exhaustion__fgets_for_loop_73a.cpp	42	CWE400_Resource_Exhaustion__fgets_for_loop_73b.cpp	35
/home/swlab-jueon/swvul/tools/java-vuln-detection/slicing/output/CPG/c/cwe400_cpg/cwe400-187-cpg-resolved.bin	tc187_flow2	CWE400_Resource_Exhaustion__fgets_for_loop_73a.cpp	93	CWE400_Resource_Exhaustion__fgets_for_loop_73b.cpp	67
/home/swlab-jueon/swvul/tools/java-vuln-detection/slicing/output/CPG/c/cwe400_cpg/cwe400-187-cpg-resolved.bin	tc187_flow3	CWE400_Resource_Exhaustion__fgets_for_loop_73a.cpp	73	CWE400_Resource_Exhaustion__fgets_for_loop_73b.cpp	53
/home/swlab-jueon/swvul/tools/java-vuln-detection/slicing/output/CPG/c/cwe400_cpg/cwe400-188-cpg-resolved.bin	tc188_flow1	CWE400_Resource_Exhaustion__fgets_for_loop_74a.cpp	42	CWE400_Resource_Exhaustion__fgets_for_loop_74b.cpp	35
/home/swlab-jueon/swvul/tools/java-vuln-detection/slicing/output/CPG/c/cwe400_cpg/cwe400-188-cpg-resolved.bin	tc188_flow2	CWE400_Resource_Exhaustion__fgets_for_loop_74a.cpp	93	CWE400_Resource_Exhaustion__fgets_for_loop_74b.cpp	67
/home/swlab-jueon/swvul/tools/java-vuln-detection/slicing/output/CPG/c/cwe400_cpg/cwe400-188-cpg-resolved.bin	tc188_flow3	CWE400_Resource_Exhaustion__fgets_for_loop_74a.cpp	73	CWE400_Resource_Exhaustion__fgets_for_loop_74b.cpp	53
/home/swlab-jueon/swvul/tools/java-vuln-detection/slicing/output/CPG/c/cwe400_cpg/cwe400-189-cpg-resolved.bin	tc189_flow1	CWE400_Resource_Exhaustion__fgets_for_loop_81a.cpp	36	CWE400_Resource_Exhaustion__fgets_for_loop_81_bad.cpp	30
/home/swlab-jueon/swvul/tools/java-vuln-detection/slicing/output/CPG/c/cwe400_cpg/cwe400-189-cpg-resolved.bin	tc189_flow2	CWE400_Resource_Exhaustion__fgets_for_loop_81a.cpp	75	CWE400_Resource_Exhaustion__fgets_for_loop_81_goodB2G.cpp	30
/home/swlab-jueon/swvul/tools/java-vuln-detection/slicing/output/CPG/c/cwe400_cpg/cwe400-189-cpg-resolved.bin	tc189_flow3	CWE400_Resource_Exhaustion__fgets_for_loop_81a.cpp	61	CWE400_Resource_Exhaustion__fgets_for_loop_81_goodG2B.cpp	30
/home/swlab-jueon/swvul/tools/java-vuln-detection/slicing/output/CPG/c/cwe400_cpg/cwe400-190-cpg-resolved.bin	tc190_flow1	CWE400_Resource_Exhaustion__fgets_for_loop_82a.cpp	36	CWE400_Resource_Exhaustion__fgets_for_loop_82_bad.cpp	30
/home/swlab-jueon/swvul/tools/java-vuln-detection/slicing/output/CPG/c/cwe400_cpg/cwe400-190-cpg-resolved.bin	tc190_flow2	CWE400_Resource_Exhaustion__fgets_for_loop_82a.cpp	77	CWE400_Resource_Exhaustion__fgets_for_loop_82_goodB2G.cpp	30
/home/swlab-jueon/swvul/tools/java-vuln-detection/slicing/output/CPG/c/cwe400_cpg/cwe400-190-cpg-resolved.bin	tc190_flow3	CWE400_Resource_Exhaustion__fgets_for_loop_82a.cpp	62	CWE400_Resource_Exhaustion__fgets_for_loop_82_goodG2B.cpp	30
/home/swlab-jueon/swvul/tools/java-vuln-detection/slicing/output/CPG/c/cwe400_cpg/cwe400-193-cpg-resolved.bin	tc193_flow1	CWE400_Resource_Exhaustion__fgets_fwrite_01.c	34	CWE400_Resource_Exhaustion__fgets_fwrite_01.c	55
/home/swlab-jueon/swvul/tools/java-vuln-detection/slicing/output/CPG/c/cwe400_cpg/cwe400-193-cpg-resolved.bin	tc193_flow2	CWE400_Resource_Exhaustion__fgets_fwrite_01.c	115	CWE400_Resource_Exhaustion__fgets_fwrite_01.c	130
/home/swlab-jueon/swvul/tools/java-vuln-detection/slicing/output/CPG/c/cwe400_cpg/cwe400-193-cpg-resolved.bin	tc193_flow3	CWE400_Resource_Exhaustion__fgets_fwrite_01.c	80	CWE400_Resource_Exhaustion__fgets_fwrite_01.c	92
/home/swlab-jueon/swvul/tools/java-vuln-detection/slicing/output/CPG/c/cwe400_cpg/cwe400-194-cpg-resolved.bin	tc194_flow1	CWE400_Resource_Exhaustion__fgets_fwrite_02.c	36	CWE400_Resource_Exhaustion__fgets_fwrite_02.c	60
/home/swlab-jueon/swvul/tools/java-vuln-detection/slicing/output/CPG/c/cwe400_cpg/cwe400-194-cpg-resolved.bin	tc194_flow2	CWE400_Resource_Exhaustion__fgets_fwrite_02.c	90	CWE400_Resource_Exhaustion__fgets_fwrite_02.c	113
/home/swlab-jueon/swvul/tools/java-vuln-detection/slicing/output/CPG/c/cwe400_cpg/cwe400-194-cpg-resolved.bin	tc194_flow3	CWE400_Resource_Exhaustion__fgets_fwrite_02.c	144	CWE400_Resource_Exhaustion__fgets_fwrite_02.c	162
/home/swlab-jueon/swvul/tools/java-vuln-detection/slicing/output/CPG/c/cwe400_cpg/cwe400-194-cpg-resolved.bin	tc194_flow4	CWE400_Resource_Exhaustion__fgets_fwrite_02.c	196	CWE400_Resource_Exhaustion__fgets_fwrite_02.c	211
/home/swlab-jueon/swvul/tools/java-vuln-detection/slicing/output/CPG/c/cwe400_cpg/cwe400-194-cpg-resolved.bin	tc194_flow5	CWE400_Resource_Exhaustion__fgets_fwrite_02.c	235	CWE400_Resource_Exhaustion__fgets_fwrite_02.c	250
/home/swlab-jueon/swvul/tools/java-vuln-detection/slicing/output/CPG/c/cwe400_cpg/cwe400-195-cpg-resolved.bin	tc195_flow1	CWE400_Resource_Exhaustion__fgets_fwrite_03.c	36	CWE400_Resource_Exhaustion__fgets_fwrite_03.c	60
/home/swlab-jueon/swvul/tools/java-vuln-detection/slicing/output/CPG/c/cwe400_cpg/cwe400-195-cpg-resolved.bin	tc195_flow2	CWE400_Resource_Exhaustion__fgets_fwrite_03.c	90	CWE400_Resource_Exhaustion__fgets_fwrite_03.c	113
/home/swlab-jueon/swvul/tools/java-vuln-detection/slicing/output/CPG/c/cwe400_cpg/cwe400-195-cpg-resolved.bin	tc195_flow3	CWE400_Resource_Exhaustion__fgets_fwrite_03.c	144	CWE400_Resource_Exhaustion__fgets_fwrite_03.c	162
/home/swlab-jueon/swvul/tools/java-vuln-detection/slicing/output/CPG/c/cwe400_cpg/cwe400-195-cpg-resolved.bin	tc195_flow4	CWE400_Resource_Exhaustion__fgets_fwrite_03.c	196	CWE400_Resource_Exhaustion__fgets_fwrite_03.c	211
/home/swlab-jueon/swvul/tools/java-vuln-detection/slicing/output/CPG/c/cwe400_cpg/cwe400-195-cpg-resolved.bin	tc195_flow5	CWE400_Resource_Exhaustion__fgets_fwrite_03.c	235	CWE400_Resource_Exhaustion__fgets_fwrite_03.c	250
/home/swlab-jueon/swvul/tools/java-vuln-detection/slicing/output/CPG/c/cwe400_cpg/cwe400-196-cpg-resolved.bin	tc196_flow1	CWE400_Resource_Exhaustion__fgets_fwrite_04.c	42	CWE400_Resource_Exhaustion__fgets_fwrite_04.c	66
/home/swlab-jueon/swvul/tools/java-vuln-detection/slicing/output/CPG/c/cwe400_cpg/cwe400-196-cpg-resolved.bin	tc196_flow2	CWE400_Resource_Exhaustion__fgets_fwrite_04.c	96	CWE400_Resource_Exhaustion__fgets_fwrite_04.c	119
/home/swlab-jueon/swvul/tools/java-vuln-detection/slicing/output/CPG/c/cwe400_cpg/cwe400-196-cpg-resolved.bin	tc196_flow3	CWE400_Resource_Exhaustion__fgets_fwrite_04.c	150	CWE400_Resource_Exhaustion__fgets_fwrite_04.c	168
/home/swlab-jueon/swvul/tools/java-vuln-detection/slicing/output/CPG/c/cwe400_cpg/cwe400-196-cpg-resolved.bin	tc196_flow4	CWE400_Resource_Exhaustion__fgets_fwrite_04.c	202	CWE400_Resource_Exhaustion__fgets_fwrite_04.c	217
/home/swlab-jueon/swvul/tools/java-vuln-detection/slicing/output/CPG/c/cwe400_cpg/cwe400-196-cpg-resolved.bin	tc196_flow5	CWE400_Resource_Exhaustion__fgets_fwrite_04.c	241	CWE400_Resource_Exhaustion__fgets_fwrite_04.c	256
/home/swlab-jueon/swvul/tools/java-vuln-detection/slicing/output/CPG/c/cwe400_cpg/cwe400-197-cpg-resolved.bin	tc197_flow1	CWE400_Resource_Exhaustion__fgets_fwrite_05.c	42	CWE400_Resource_Exhaustion__fgets_fwrite_05.c	66
/home/swlab-jueon/swvul/tools/java-vuln-detection/slicing/output/CPG/c/cwe400_cpg/cwe400-197-cpg-resolved.bin	tc197_flow2	CWE400_Resource_Exhaustion__fgets_fwrite_05.c	96	CWE400_Resource_Exhaustion__fgets_fwrite_05.c	119
/home/swlab-jueon/swvul/tools/java-vuln-detection/slicing/output/CPG/c/cwe400_cpg/cwe400-197-cpg-resolved.bin	tc197_flow3	CWE400_Resource_Exhaustion__fgets_fwrite_05.c	150	CWE400_Resource_Exhaustion__fgets_fwrite_05.c	168
/home/swlab-jueon/swvul/tools/java-vuln-detection/slicing/output/CPG/c/cwe400_cpg/cwe400-197-cpg-resolved.bin	tc197_flow4	CWE400_Resource_Exhaustion__fgets_fwrite_05.c	202	CWE400_Resource_Exhaustion__fgets_fwrite_05.c	217
/home/swlab-jueon/swvul/tools/java-vuln-detection/slicing/output/CPG/c/cwe400_cpg/cwe400-197-cpg-resolved.bin	tc197_flow5	CWE400_Resource_Exhaustion__fgets_fwrite_05.c	241	CWE400_Resource_Exhaustion__fgets_fwrite_05.c	256
/home/swlab-jueon/swvul/tools/java-vuln-detection/slicing/output/CPG/c/cwe400_cpg/cwe400-198-cpg-resolved.bin	tc198_flow1	CWE400_Resource_Exhaustion__fgets_fwrite_06.c	41	CWE400_Resource_Exhaustion__fgets_fwrite_06.c	65
/home/swlab-jueon/swvul/tools/java-vuln-detection/slicing/output/CPG/c/cwe400_cpg/cwe400-198-cpg-resolved.bin	tc198_flow2	CWE400_Resource_Exhaustion__fgets_fwrite_06.c	95	CWE400_Resource_Exhaustion__fgets_fwrite_06.c	118
/home/swlab-jueon/swvul/tools/java-vuln-detection/slicing/output/CPG/c/cwe400_cpg/cwe400-198-cpg-resolved.bin	tc198_flow3	CWE400_Resource_Exhaustion__fgets_fwrite_06.c	149	CWE400_Resource_Exhaustion__fgets_fwrite_06.c	167
/home/swlab-jueon/swvul/tools/java-vuln-detection/slicing/output/CPG/c/cwe400_cpg/cwe400-198-cpg-resolved.bin	tc198_flow4	CWE400_Resource_Exhaustion__fgets_fwrite_06.c	201	CWE400_Resource_Exhaustion__fgets_fwrite_06.c	216
/home/swlab-jueon/swvul/tools/java-vuln-detection/slicing/output/CPG/c/cwe400_cpg/cwe400-198-cpg-resolved.bin	tc198_flow5	CWE400_Resource_Exhaustion__fgets_fwrite_06.c	240	CWE400_Resource_Exhaustion__fgets_fwrite_06.c	255
/home/swlab-jueon/swvul/tools/java-vuln-detection/slicing/output/CPG/c/cwe400_cpg/cwe400-199-cpg-resolved.bin	tc199_flow1	CWE400_Resource_Exhaustion__fgets_fwrite_07.c	41	CWE400_Resource_Exhaustion__fgets_fwrite_07.c	65
/home/swlab-jueon/swvul/tools/java-vuln-detection/slicing/output/CPG/c/cwe400_cpg/cwe400-199-cpg-resolved.bin	tc199_flow2	CWE400_Resource_Exhaustion__fgets_fwrite_07.c	95	CWE400_Resource_Exhaustion__fgets_fwrite_07.c	118
/home/swlab-jueon/swvul/tools/java-vuln-detection/slicing/output/CPG/c/cwe400_cpg/cwe400-199-cpg-resolved.bin	tc199_flow3	CWE400_Resource_Exhaustion__fgets_fwrite_07.c	149	CWE400_Resource_Exhaustion__fgets_fwrite_07.c	167
/home/swlab-jueon/swvul/tools/java-vuln-detection/slicing/output/CPG/c/cwe400_cpg/cwe400-199-cpg-resolved.bin	tc199_flow4	CWE400_Resource_Exhaustion__fgets_fwrite_07.c	201	CWE400_Resource_Exhaustion__fgets_fwrite_07.c	216
/home/swlab-jueon/swvul/tools/java-vuln-detection/slicing/output/CPG/c/cwe400_cpg/cwe400-199-cpg-resolved.bin	tc199_flow5	CWE400_Resource_Exhaustion__fgets_fwrite_07.c	240	CWE400_Resource_Exhaustion__fgets_fwrite_07.c	255
/home/swlab-jueon/swvul/tools/java-vuln-detection/slicing/output/CPG/c/cwe400_cpg/cwe400-200-cpg-resolved.bin	tc200_flow1	CWE400_Resource_Exhaustion__fgets_fwrite_08.c	49	CWE400_Resource_Exhaustion__fgets_fwrite_08.c	73
/home/swlab-jueon/swvul/tools/java-vuln-detection/slicing/output/CPG/c/cwe400_cpg/cwe400-200-cpg-resolved.bin	tc200_flow2	CWE400_Resource_Exhaustion__fgets_fwrite_08.c	103	CWE400_Resource_Exhaustion__fgets_fwrite_08.c	126
/home/swlab-jueon/swvul/tools/java-vuln-detection/slicing/output/CPG/c/cwe400_cpg/cwe400-200-cpg-resolved.bin	tc200_flow3	CWE400_Resource_Exhaustion__fgets_fwrite_08.c	157	CWE400_Resource_Exhaustion__fgets_fwrite_08.c	175
/home/swlab-jueon/swvul/tools/java-vuln-detection/slicing/output/CPG/c/cwe400_cpg/cwe400-200-cpg-resolved.bin	tc200_flow4	CWE400_Resource_Exhaustion__fgets_fwrite_08.c	209	CWE400_Resource_Exhaustion__fgets_fwrite_08.c	224
/home/swlab-jueon/swvul/tools/java-vuln-detection/slicing/output/CPG/c/cwe400_cpg/cwe400-200-cpg-resolved.bin	tc200_flow5	CWE400_Resource_Exhaustion__fgets_fwrite_08.c	248	CWE400_Resource_Exhaustion__fgets_fwrite_08.c	263
/home/swlab-jueon/swvul/tools/java-vuln-detection/slicing/output/CPG/c/cwe400_cpg/cwe400-201-cpg-resolved.bin	tc201_flow1	CWE400_Resource_Exhaustion__fgets_fwrite_09.c	36	CWE400_Resource_Exhaustion__fgets_fwrite_09.c	60
/home/swlab-jueon/swvul/tools/java-vuln-detection/slicing/output/CPG/c/cwe400_cpg/cwe400-201-cpg-resolved.bin	tc201_flow2	CWE400_Resource_Exhaustion__fgets_fwrite_09.c	90	CWE400_Resource_Exhaustion__fgets_fwrite_09.c	113
/home/swlab-jueon/swvul/tools/java-vuln-detection/slicing/output/CPG/c/cwe400_cpg/cwe400-201-cpg-resolved.bin	tc201_flow3	CWE400_Resource_Exhaustion__fgets_fwrite_09.c	144	CWE400_Resource_Exhaustion__fgets_fwrite_09.c	162
/home/swlab-jueon/swvul/tools/java-vuln-detection/slicing/output/CPG/c/cwe400_cpg/cwe400-201-cpg-resolved.bin	tc201_flow4	CWE400_Resource_Exhaustion__fgets_fwrite_09.c	196	CWE400_Resource_Exhaustion__fgets_fwrite_09.c	211
/home/swlab-jueon/swvul/tools/java-vuln-detection/slicing/output/CPG/c/cwe400_cpg/cwe400-201-cpg-resolved.bin	tc201_flow5	CWE400_Resource_Exhaustion__fgets_fwrite_09.c	235	CWE400_Resource_Exhaustion__fgets_fwrite_09.c	250
/home/swlab-jueon/swvul/tools/java-vuln-detection/slicing/output/CPG/c/cwe400_cpg/cwe400-202-cpg-resolved.bin	tc202_flow1	CWE400_Resource_Exhaustion__fgets_fwrite_10.c	36	CWE400_Resource_Exhaustion__fgets_fwrite_10.c	60
/home/swlab-jueon/swvul/tools/java-vuln-detection/slicing/output/CPG/c/cwe400_cpg/cwe400-202-cpg-resolved.bin	tc202_flow2	CWE400_Resource_Exhaustion__fgets_fwrite_10.c	90	CWE400_Resource_Exhaustion__fgets_fwrite_10.c	113
/home/swlab-jueon/swvul/tools/java-vuln-detection/slicing/output/CPG/c/cwe400_cpg/cwe400-202-cpg-resolved.bin	tc202_flow3	CWE400_Resource_Exhaustion__fgets_fwrite_10.c	144	CWE400_Resource_Exhaustion__fgets_fwrite_10.c	162
/home/swlab-jueon/swvul/tools/java-vuln-detection/slicing/output/CPG/c/cwe400_cpg/cwe400-202-cpg-resolved.bin	tc202_flow4	CWE400_Resource_Exhaustion__fgets_fwrite_10.c	196	CWE400_Resource_Exhaustion__fgets_fwrite_10.c	211
/home/swlab-jueon/swvul/tools/java-vuln-detection/slicing/output/CPG/c/cwe400_cpg/cwe400-202-cpg-resolved.bin	tc202_flow5	CWE400_Resource_Exhaustion__fgets_fwrite_10.c	235	CWE400_Resource_Exhaustion__fgets_fwrite_10.c	250
/home/swlab-jueon/swvul/tools/java-vuln-detection/slicing/output/CPG/c/cwe400_cpg/cwe400-203-cpg-resolved.bin	tc203_flow1	CWE400_Resource_Exhaustion__fgets_fwrite_11.c	36	CWE400_Resource_Exhaustion__fgets_fwrite_11.c	60
/home/swlab-jueon/swvul/tools/java-vuln-detection/slicing/output/CPG/c/cwe400_cpg/cwe400-203-cpg-resolved.bin	tc203_flow2	CWE400_Resource_Exhaustion__fgets_fwrite_11.c	90	CWE400_Resource_Exhaustion__fgets_fwrite_11.c	113
/home/swlab-jueon/swvul/tools/java-vuln-detection/slicing/output/CPG/c/cwe400_cpg/cwe400-203-cpg-resolved.bin	tc203_flow3	CWE400_Resource_Exhaustion__fgets_fwrite_11.c	144	CWE400_Resource_Exhaustion__fgets_fwrite_11.c	162
/home/swlab-jueon/swvul/tools/java-vuln-detection/slicing/output/CPG/c/cwe400_cpg/cwe400-203-cpg-resolved.bin	tc203_flow4	CWE400_Resource_Exhaustion__fgets_fwrite_11.c	196	CWE400_Resource_Exhaustion__fgets_fwrite_11.c	211
/home/swlab-jueon/swvul/tools/java-vuln-detection/slicing/output/CPG/c/cwe400_cpg/cwe400-203-cpg-resolved.bin	tc203_flow5	CWE400_Resource_Exhaustion__fgets_fwrite_11.c	235	CWE400_Resource_Exhaustion__fgets_fwrite_11.c	250
/home/swlab-jueon/swvul/tools/java-vuln-detection/slicing/output/CPG/c/cwe400_cpg/cwe400-204-cpg-resolved.bin	tc204_flow2	CWE400_Resource_Exhaustion__fgets_fwrite_12.c	122	CWE400_Resource_Exhaustion__fgets_fwrite_12.c	181
/home/swlab-jueon/swvul/tools/java-vuln-detection/slicing/output/CPG/c/cwe400_cpg/cwe400-204-cpg-resolved.bin	tc204_flow3	CWE400_Resource_Exhaustion__fgets_fwrite_12.c	212	CWE400_Resource_Exhaustion__fgets_fwrite_12.c	258
/home/swlab-jueon/swvul/tools/java-vuln-detection/slicing/output/CPG/c/cwe400_cpg/cwe400-205-cpg-resolved.bin	tc205_flow1	CWE400_Resource_Exhaustion__fgets_fwrite_13.c	36	CWE400_Resource_Exhaustion__fgets_fwrite_13.c	60
/home/swlab-jueon/swvul/tools/java-vuln-detection/slicing/output/CPG/c/cwe400_cpg/cwe400-205-cpg-resolved.bin	tc205_flow2	CWE400_Resource_Exhaustion__fgets_fwrite_13.c	90	CWE400_Resource_Exhaustion__fgets_fwrite_13.c	113
/home/swlab-jueon/swvul/tools/java-vuln-detection/slicing/output/CPG/c/cwe400_cpg/cwe400-205-cpg-resolved.bin	tc205_flow3	CWE400_Resource_Exhaustion__fgets_fwrite_13.c	144	CWE400_Resource_Exhaustion__fgets_fwrite_13.c	162
/home/swlab-jueon/swvul/tools/java-vuln-detection/slicing/output/CPG/c/cwe400_cpg/cwe400-205-cpg-resolved.bin	tc205_flow4	CWE400_Resource_Exhaustion__fgets_fwrite_13.c	196	CWE400_Resource_Exhaustion__fgets_fwrite_13.c	211
/home/swlab-jueon/swvul/tools/java-vuln-detection/slicing/output/CPG/c/cwe400_cpg/cwe400-205-cpg-resolved.bin	tc205_flow5	CWE400_Resource_Exhaustion__fgets_fwrite_13.c	235	CWE400_Resource_Exhaustion__fgets_fwrite_13.c	250
/home/swlab-jueon/swvul/tools/java-vuln-detection/slicing/output/CPG/c/cwe400_cpg/cwe400-206-cpg-resolved.bin	tc206_flow1	CWE400_Resource_Exhaustion__fgets_fwrite_14.c	36	CWE400_Resource_Exhaustion__fgets_fwrite_14.c	60
/home/swlab-jueon/swvul/tools/java-vuln-detection/slicing/output/CPG/c/cwe400_cpg/cwe400-206-cpg-resolved.bin	tc206_flow2	CWE400_Resource_Exhaustion__fgets_fwrite_14.c	90	CWE400_Resource_Exhaustion__fgets_fwrite_14.c	113
/home/swlab-jueon/swvul/tools/java-vuln-detection/slicing/output/CPG/c/cwe400_cpg/cwe400-206-cpg-resolved.bin	tc206_flow3	CWE400_Resource_Exhaustion__fgets_fwrite_14.c	144	CWE400_Resource_Exhaustion__fgets_fwrite_14.c	162
/home/swlab-jueon/swvul/tools/java-vuln-detection/slicing/output/CPG/c/cwe400_cpg/cwe400-206-cpg-resolved.bin	tc206_flow4	CWE400_Resource_Exhaustion__fgets_fwrite_14.c	196	CWE400_Resource_Exhaustion__fgets_fwrite_14.c	211
/home/swlab-jueon/swvul/tools/java-vuln-detection/slicing/output/CPG/c/cwe400_cpg/cwe400-206-cpg-resolved.bin	tc206_flow5	CWE400_Resource_Exhaustion__fgets_fwrite_14.c	235	CWE400_Resource_Exhaustion__fgets_fwrite_14.c	250
/home/swlab-jueon/swvul/tools/java-vuln-detection/slicing/output/CPG/c/cwe400_cpg/cwe400-207-cpg-resolved.bin	tc207_flow1	CWE400_Resource_Exhaustion__fgets_fwrite_15.c	37	CWE400_Resource_Exhaustion__fgets_fwrite_15.c	67
/home/swlab-jueon/swvul/tools/java-vuln-detection/slicing/output/CPG/c/cwe400_cpg/cwe400-207-cpg-resolved.bin	tc207_flow2	CWE400_Resource_Exhaustion__fgets_fwrite_15.c	103	CWE400_Resource_Exhaustion__fgets_fwrite_15.c	131
/home/swlab-jueon/swvul/tools/java-vuln-detection/slicing/output/CPG/c/cwe400_cpg/cwe400-207-cpg-resolved.bin	tc207_flow3	CWE400_Resource_Exhaustion__fgets_fwrite_15.c	164	CWE400_Resource_Exhaustion__fgets_fwrite_15.c	188
/home/swlab-jueon/swvul/tools/java-vuln-detection/slicing/output/CPG/c/cwe400_cpg/cwe400-207-cpg-resolved.bin	tc207_flow4	CWE400_Resource_Exhaustion__fgets_fwrite_15.c	227	CWE400_Resource_Exhaustion__fgets_fwrite_15.c	244
/home/swlab-jueon/swvul/tools/java-vuln-detection/slicing/output/CPG/c/cwe400_cpg/cwe400-207-cpg-resolved.bin	tc207_flow5	CWE400_Resource_Exhaustion__fgets_fwrite_15.c	274	CWE400_Resource_Exhaustion__fgets_fwrite_15.c	295
/home/swlab-jueon/swvul/tools/java-vuln-detection/slicing/output/CPG/c/cwe400_cpg/cwe400-208-cpg-resolved.bin	tc208_flow1	CWE400_Resource_Exhaustion__fgets_fwrite_16.c	36	CWE400_Resource_Exhaustion__fgets_fwrite_16.c	61
/home/swlab-jueon/swvul/tools/java-vuln-detection/slicing/output/CPG/c/cwe400_cpg/cwe400-208-cpg-resolved.bin	tc208_flow2	CWE400_Resource_Exhaustion__fgets_fwrite_16.c	92	CWE400_Resource_Exhaustion__fgets_fwrite_16.c	111
/home/swlab-jueon/swvul/tools/java-vuln-detection/slicing/output/CPG/c/cwe400_cpg/cwe400-208-cpg-resolved.bin	tc208_flow3	CWE400_Resource_Exhaustion__fgets_fwrite_16.c	141	CWE400_Resource_Exhaustion__fgets_fwrite_16.c	157
/home/swlab-jueon/swvul/tools/java-vuln-detection/slicing/output/CPG/c/cwe400_cpg/cwe400-209-cpg-resolved.bin	tc209_flow1	CWE400_Resource_Exhaustion__fgets_fwrite_17.c	37	CWE400_Resource_Exhaustion__fgets_fwrite_17.c	61
/home/swlab-jueon/swvul/tools/java-vuln-detection/slicing/output/CPG/c/cwe400_cpg/cwe400-209-cpg-resolved.bin	tc209_flow2	CWE400_Resource_Exhaustion__fgets_fwrite_17.c	92	CWE400_Resource_Exhaustion__fgets_fwrite_17.c	110
/home/swlab-jueon/swvul/tools/java-vuln-detection/slicing/output/CPG/c/cwe400_cpg/cwe400-209-cpg-resolved.bin	tc209_flow3	CWE400_Resource_Exhaustion__fgets_fwrite_17.c	140	CWE400_Resource_Exhaustion__fgets_fwrite_17.c	155
/home/swlab-jueon/swvul/tools/java-vuln-detection/slicing/output/CPG/c/cwe400_cpg/cwe400-210-cpg-resolved.bin	tc210_flow1	CWE400_Resource_Exhaustion__fgets_fwrite_18.c	36	CWE400_Resource_Exhaustion__fgets_fwrite_18.c	59
/home/swlab-jueon/swvul/tools/java-vuln-detection/slicing/output/CPG/c/cwe400_cpg/cwe400-210-cpg-resolved.bin	tc210_flow2	CWE400_Resource_Exhaustion__fgets_fwrite_18.c	88	CWE400_Resource_Exhaustion__fgets_fwrite_18.c	105
/home/swlab-jueon/swvul/tools/java-vuln-detection/slicing/output/CPG/c/cwe400_cpg/cwe400-210-cpg-resolved.bin	tc210_flow3	CWE400_Resource_Exhaustion__fgets_fwrite_18.c	133	CWE400_Resource_Exhaustion__fgets_fwrite_18.c	147
/home/swlab-jueon/swvul/tools/java-vuln-detection/slicing/output/CPG/c/cwe400_cpg/cwe400-211-cpg-resolved.bin	tc211_flow1	CWE400_Resource_Exhaustion__fgets_fwrite_21.c	67	CWE400_Resource_Exhaustion__fgets_fwrite_21.c	44
/home/swlab-jueon/swvul/tools/java-vuln-detection/slicing/output/CPG/c/cwe400_cpg/cwe400-211-cpg-resolved.bin	tc211_flow2	CWE400_Resource_Exhaustion__fgets_fwrite_21.c	133	CWE400_Resource_Exhaustion__fgets_fwrite_21.c	105
/home/swlab-jueon/swvul/tools/java-vuln-detection/slicing/output/CPG/c/cwe400_cpg/cwe400-211-cpg-resolved.bin	tc211_flow3	CWE400_Resource_Exhaustion__fgets_fwrite_21.c	185	CWE400_Resource_Exhaustion__fgets_fwrite_21.c	157
/home/swlab-jueon/swvul/tools/java-vuln-detection/slicing/output/CPG/c/cwe400_cpg/cwe400-211-cpg-resolved.bin	tc211_flow4	CWE400_Resource_Exhaustion__fgets_fwrite_21.c	236	CWE400_Resource_Exhaustion__fgets_fwrite_21.c	215
/home/swlab-jueon/swvul/tools/java-vuln-detection/slicing/output/CPG/c/cwe400_cpg/cwe400-213-cpg-resolved.bin	tc213_flow1	CWE400_Resource_Exhaustion__fgets_fwrite_31.c	34	CWE400_Resource_Exhaustion__fgets_fwrite_31.c	58
/home/swlab-jueon/swvul/tools/java-vuln-detection/slicing/output/CPG/c/cwe400_cpg/cwe400-213-cpg-resolved.bin	tc213_flow2	CWE400_Resource_Exhaustion__fgets_fwrite_31.c	123	CWE400_Resource_Exhaustion__fgets_fwrite_31.c	141
/home/swlab-jueon/swvul/tools/java-vuln-detection/slicing/output/CPG/c/cwe400_cpg/cwe400-213-cpg-resolved.bin	tc213_flow3	CWE400_Resource_Exhaustion__fgets_fwrite_31.c	84	CWE400_Resource_Exhaustion__fgets_fwrite_31.c	99
/home/swlab-jueon/swvul/tools/java-vuln-detection/slicing/output/CPG/c/cwe400_cpg/cwe400-214-cpg-resolved.bin	tc214_flow1	CWE400_Resource_Exhaustion__fgets_fwrite_32.c	38	CWE400_Resource_Exhaustion__fgets_fwrite_32.c	63
/home/swlab-jueon/swvul/tools/java-vuln-detection/slicing/output/CPG/c/cwe400_cpg/cwe400-214-cpg-resolved.bin	tc214_flow2	CWE400_Resource_Exhaustion__fgets_fwrite_32.c	137	CWE400_Resource_Exhaustion__fgets_fwrite_32.c	156
/home/swlab-jueon/swvul/tools/java-vuln-detection/slicing/output/CPG/c/cwe400_cpg/cwe400-214-cpg-resolved.bin	tc214_flow3	CWE400_Resource_Exhaustion__fgets_fwrite_32.c	93	CWE400_Resource_Exhaustion__fgets_fwrite_32.c	109
/home/swlab-jueon/swvul/tools/java-vuln-detection/slicing/output/CPG/c/cwe400_cpg/cwe400-215-cpg-resolved.bin	tc215_flow1	CWE400_Resource_Exhaustion__fgets_fwrite_33.cpp	38	CWE400_Resource_Exhaustion__fgets_fwrite_33.cpp	61
/home/swlab-jueon/swvul/tools/java-vuln-detection/slicing/output/CPG/c/cwe400_cpg/cwe400-215-cpg-resolved.bin	tc215_flow2	CWE400_Resource_Exhaustion__fgets_fwrite_33.cpp	127	CWE400_Resource_Exhaustion__fgets_fwrite_33.cpp	144
/home/swlab-jueon/swvul/tools/java-vuln-detection/slicing/output/CPG/c/cwe400_cpg/cwe400-215-cpg-resolved.bin	tc215_flow3	CWE400_Resource_Exhaustion__fgets_fwrite_33.cpp	88	CWE400_Resource_Exhaustion__fgets_fwrite_33.cpp	102
/home/swlab-jueon/swvul/tools/java-vuln-detection/slicing/output/CPG/c/cwe400_cpg/cwe400-216-cpg-resolved.bin	tc216_flow1	CWE400_Resource_Exhaustion__fgets_fwrite_34.c	41	CWE400_Resource_Exhaustion__fgets_fwrite_34.c	65
/home/swlab-jueon/swvul/tools/java-vuln-detection/slicing/output/CPG/c/cwe400_cpg/cwe400-216-cpg-resolved.bin	tc216_flow2	CWE400_Resource_Exhaustion__fgets_fwrite_34.c	132	CWE400_Resource_Exhaustion__fgets_fwrite_34.c	150
/home/swlab-jueon/swvul/tools/java-vuln-detection/slicing/output/CPG/c/cwe400_cpg/cwe400-216-cpg-resolved.bin	tc216_flow3	CWE400_Resource_Exhaustion__fgets_fwrite_34.c	92	CWE400_Resource_Exhaustion__fgets_fwrite_34.c	107
/home/swlab-jueon/swvul/tools/java-vuln-detection/slicing/output/CPG/c/cwe400_cpg/cwe400-217-cpg-resolved.bin	tc217_flow1	CWE400_Resource_Exhaustion__fgets_fwrite_41.c	61	CWE400_Resource_Exhaustion__fgets_fwrite_41.c	39
/home/swlab-jueon/swvul/tools/java-vuln-detection/slicing/output/CPG/c/cwe400_cpg/cwe400-217-cpg-resolved.bin	tc217_flow2	CWE400_Resource_Exhaustion__fgets_fwrite_41.c	151	CWE400_Resource_Exhaustion__fgets_fwrite_41.c	124
/home/swlab-jueon/swvul/tools/java-vuln-detection/slicing/output/CPG/c/cwe400_cpg/cwe400-217-cpg-resolved.bin	tc217_flow3	CWE400_Resource_Exhaustion__fgets_fwrite_41.c	112	CWE400_Resource_Exhaustion__fgets_fwrite_41.c	92
/home/swlab-jueon/swvul/tools/java-vuln-detection/slicing/output/CPG/c/cwe400_cpg/cwe400-218-cpg-resolved.bin	tc218_flow2	CWE400_Resource_Exhaustion__fgets_fwrite_42.c	124	CWE400_Resource_Exhaustion__fgets_fwrite_42.c	148
/home/swlab-jueon/swvul/tools/java-vuln-detection/slicing/output/CPG/c/cwe400_cpg/cwe400-218-cpg-resolved.bin	tc218_flow3	CWE400_Resource_Exhaustion__fgets_fwrite_42.c	83	CWE400_Resource_Exhaustion__fgets_fwrite_42.c	104
/home/swlab-jueon/swvul/tools/java-vuln-detection/slicing/output/CPG/c/cwe400_cpg/cwe400-219-cpg-resolved.bin	tc219_flow1	CWE400_Resource_Exhaustion__fgets_fwrite_43.cpp	34	CWE400_Resource_Exhaustion__fgets_fwrite_43.cpp	63
/home/swlab-jueon/swvul/tools/java-vuln-detection/slicing/output/CPG/c/cwe400_cpg/cwe400-219-cpg-resolved.bin	tc219_flow2	CWE400_Resource_Exhaustion__fgets_fwrite_43.cpp	125	CWE400_Resource_Exhaustion__fgets_fwrite_43.cpp	148
/home/swlab-jueon/swvul/tools/java-vuln-detection/slicing/output/CPG/c/cwe400_cpg/cwe400-219-cpg-resolved.bin	tc219_flow3	CWE400_Resource_Exhaustion__fgets_fwrite_43.cpp	85	CWE400_Resource_Exhaustion__fgets_fwrite_43.cpp	105
/home/swlab-jueon/swvul/tools/java-vuln-detection/slicing/output/CPG/c/cwe400_cpg/cwe400-220-cpg-resolved.bin	tc220_flow1	CWE400_Resource_Exhaustion__fgets_fwrite_44.c	63	CWE400_Resource_Exhaustion__fgets_fwrite_44.c	39
/home/swlab-jueon/swvul/tools/java-vuln-detection/slicing/output/CPG/c/cwe400_cpg/cwe400-220-cpg-resolved.bin	tc220_flow2	CWE400_Resource_Exhaustion__fgets_fwrite_44.c	156	CWE400_Resource_Exhaustion__fgets_fwrite_44.c	128
/home/swlab-jueon/swvul/tools/java-vuln-detection/slicing/output/CPG/c/cwe400_cpg/cwe400-220-cpg-resolved.bin	tc220_flow3	CWE400_Resource_Exhaustion__fgets_fwrite_44.c	116	CWE400_Resource_Exhaustion__fgets_fwrite_44.c	95
/home/swlab-jueon/swvul/tools/java-vuln-detection/slicing/output/CPG/c/cwe400_cpg/cwe400-221-cpg-resolved.bin	tc221_flow1	CWE400_Resource_Exhaustion__fgets_fwrite_45.c	66	CWE400_Resource_Exhaustion__fgets_fwrite_45.c	44
/home/swlab-jueon/swvul/tools/java-vuln-detection/slicing/output/CPG/c/cwe400_cpg/cwe400-221-cpg-resolved.bin	tc221_flow2	CWE400_Resource_Exhaustion__fgets_fwrite_45.c	160	CWE400_Resource_Exhaustion__fgets_fwrite_45.c	133
/home/swlab-jueon/swvul/tools/java-vuln-detection/slicing/output/CPG/c/cwe400_cpg/cwe400-221-cpg-resolved.bin	tc221_flow3	CWE400_Resource_Exhaustion__fgets_fwrite_45.c	119	CWE400_Resource_Exhaustion__fgets_fwrite_45.c	99
/home/swlab-jueon/swvul/tools/java-vuln-detection/slicing/output/CPG/c/cwe400_cpg/cwe400-226-cpg-resolved.bin	tc226_flow2	CWE400_Resource_Exhaustion__fgets_fwrite_61b.c	62	CWE400_Resource_Exhaustion__fgets_fwrite_61a.c	112
/home/swlab-jueon/swvul/tools/java-vuln-detection/slicing/output/CPG/c/cwe400_cpg/cwe400-226-cpg-resolved.bin	tc226_flow3	CWE400_Resource_Exhaustion__fgets_fwrite_61b.c	52	CWE400_Resource_Exhaustion__fgets_fwrite_61a.c	84
/home/swlab-jueon/swvul/tools/java-vuln-detection/slicing/output/CPG/c/cwe400_cpg/cwe400-227-cpg-resolved.bin	tc227_flow1	CWE400_Resource_Exhaustion__fgets_fwrite_62b.cpp	32	CWE400_Resource_Exhaustion__fgets_fwrite_62a.cpp	47
/home/swlab-jueon/swvul/tools/java-vuln-detection/slicing/output/CPG/c/cwe400_cpg/cwe400-227-cpg-resolved.bin	tc227_flow2	CWE400_Resource_Exhaustion__fgets_fwrite_62b.cpp	61	CWE400_Resource_Exhaustion__fgets_fwrite_62a.cpp	113
/home/swlab-jueon/swvul/tools/java-vuln-detection/slicing/output/CPG/c/cwe400_cpg/cwe400-227-cpg-resolved.bin	tc227_flow3	CWE400_Resource_Exhaustion__fgets_fwrite_62b.cpp	52	CWE400_Resource_Exhaustion__fgets_fwrite_62a.cpp	85
/home/swlab-jueon/swvul/tools/java-vuln-detection/slicing/output/CPG/c/cwe400_cpg/cwe400-234-cpg-resolved.bin	tc234_flow1	CWE400_Resource_Exhaustion__fgets_fwrite_72a.cpp	42	CWE400_Resource_Exhaustion__fgets_fwrite_72b.cpp	45
/home/swlab-jueon/swvul/tools/java-vuln-detection/slicing/output/CPG/c/cwe400_cpg/cwe400-234-cpg-resolved.bin	tc234_flow2	CWE400_Resource_Exhaustion__fgets_fwrite_72a.cpp	93	CWE400_Resource_Exhaustion__fgets_fwrite_72b.cpp	101
/home/swlab-jueon/swvul/tools/java-vuln-detection/slicing/output/CPG/c/cwe400_cpg/cwe400-234-cpg-resolved.bin	tc234_flow3	CWE400_Resource_Exhaustion__fgets_fwrite_72a.cpp	73	CWE400_Resource_Exhaustion__fgets_fwrite_72b.cpp	78
/home/swlab-jueon/swvul/tools/java-vuln-detection/slicing/output/CPG/c/cwe400_cpg/cwe400-235-cpg-resolved.bin	tc235_flow1	CWE400_Resource_Exhaustion__fgets_fwrite_73a.cpp	42	CWE400_Resource_Exhaustion__fgets_fwrite_73b.cpp	45
/home/swlab-jueon/swvul/tools/java-vuln-detection/slicing/output/CPG/c/cwe400_cpg/cwe400-235-cpg-resolved.bin	tc235_flow2	CWE400_Resource_Exhaustion__fgets_fwrite_73a.cpp	93	CWE400_Resource_Exhaustion__fgets_fwrite_73b.cpp	101
/home/swlab-jueon/swvul/tools/java-vuln-detection/slicing/output/CPG/c/cwe400_cpg/cwe400-235-cpg-resolved.bin	tc235_flow3	CWE400_Resource_Exhaustion__fgets_fwrite_73a.cpp	73	CWE400_Resource_Exhaustion__fgets_fwrite_73b.cpp	78
/home/swlab-jueon/swvul/tools/java-vuln-detection/slicing/output/CPG/c/cwe400_cpg/cwe400-236-cpg-resolved.bin	tc236_flow1	CWE400_Resource_Exhaustion__fgets_fwrite_74a.cpp	42	CWE400_Resource_Exhaustion__fgets_fwrite_74b.cpp	45
/home/swlab-jueon/swvul/tools/java-vuln-detection/slicing/output/CPG/c/cwe400_cpg/cwe400-236-cpg-resolved.bin	tc236_flow2	CWE400_Resource_Exhaustion__fgets_fwrite_74a.cpp	93	CWE400_Resource_Exhaustion__fgets_fwrite_74b.cpp	101
/home/swlab-jueon/swvul/tools/java-vuln-detection/slicing/output/CPG/c/cwe400_cpg/cwe400-236-cpg-resolved.bin	tc236_flow3	CWE400_Resource_Exhaustion__fgets_fwrite_74a.cpp	73	CWE400_Resource_Exhaustion__fgets_fwrite_74b.cpp	78
/home/swlab-jueon/swvul/tools/java-vuln-detection/slicing/output/CPG/c/cwe400_cpg/cwe400-237-cpg-resolved.bin	tc237_flow1	CWE400_Resource_Exhaustion__fgets_fwrite_81a.cpp	36	CWE400_Resource_Exhaustion__fgets_fwrite_81_bad.cpp	40
/home/swlab-jueon/swvul/tools/java-vuln-detection/slicing/output/CPG/c/cwe400_cpg/cwe400-237-cpg-resolved.bin	tc237_flow2	CWE400_Resource_Exhaustion__fgets_fwrite_81a.cpp	75	CWE400_Resource_Exhaustion__fgets_fwrite_81_goodB2G.cpp	34
/home/swlab-jueon/swvul/tools/java-vuln-detection/slicing/output/CPG/c/cwe400_cpg/cwe400-237-cpg-resolved.bin	tc237_flow3	CWE400_Resource_Exhaustion__fgets_fwrite_81a.cpp	61	CWE400_Resource_Exhaustion__fgets_fwrite_81_goodG2B.cpp	40
/home/swlab-jueon/swvul/tools/java-vuln-detection/slicing/output/CPG/c/cwe400_cpg/cwe400-238-cpg-resolved.bin	tc238_flow1	CWE400_Resource_Exhaustion__fgets_fwrite_82a.cpp	36	CWE400_Resource_Exhaustion__fgets_fwrite_82_bad.cpp	40
/home/swlab-jueon/swvul/tools/java-vuln-detection/slicing/output/CPG/c/cwe400_cpg/cwe400-238-cpg-resolved.bin	tc238_flow2	CWE400_Resource_Exhaustion__fgets_fwrite_82a.cpp	77	CWE400_Resource_Exhaustion__fgets_fwrite_82_goodB2G.cpp	34
/home/swlab-jueon/swvul/tools/java-vuln-detection/slicing/output/CPG/c/cwe400_cpg/cwe400-238-cpg-resolved.bin	tc238_flow3	CWE400_Resource_Exhaustion__fgets_fwrite_82a.cpp	62	CWE400_Resource_Exhaustion__fgets_fwrite_82_goodG2B.cpp	40
/home/swlab-jueon/swvul/tools/java-vuln-detection/slicing/output/CPG/c/cwe400_cpg/cwe400-241-cpg-resolved.bin	tc241_flow1	CWE400_Resource_Exhaustion__fgets_sleep_01.c	40	CWE400_Resource_Exhaustion__fgets_sleep_01.c	51
/home/swlab-jueon/swvul/tools/java-vuln-detection/slicing/output/CPG/c/cwe400_cpg/cwe400-241-cpg-resolved.bin	tc241_flow2	CWE400_Resource_Exhaustion__fgets_sleep_01.c	81	CWE400_Resource_Exhaustion__fgets_sleep_01.c	92
/home/swlab-jueon/swvul/tools/java-vuln-detection/slicing/output/CPG/c/cwe400_cpg/cwe400-241-cpg-resolved.bin	tc241_flow3	CWE400_Resource_Exhaustion__fgets_sleep_01.c	66	CWE400_Resource_Exhaustion__fgets_sleep_01.c	68
/home/swlab-jueon/swvul/tools/java-vuln-detection/slicing/output/CPG/c/cwe400_cpg/cwe400-242-cpg-resolved.bin	tc242_flow1	CWE400_Resource_Exhaustion__fgets_sleep_02.c	42	CWE400_Resource_Exhaustion__fgets_sleep_02.c	56
/home/swlab-jueon/swvul/tools/java-vuln-detection/slicing/output/CPG/c/cwe400_cpg/cwe400-242-cpg-resolved.bin	tc242_flow2	CWE400_Resource_Exhaustion__fgets_sleep_02.c	76	CWE400_Resource_Exhaustion__fgets_sleep_02.c	95
/home/swlab-jueon/swvul/tools/java-vuln-detection/slicing/output/CPG/c/cwe400_cpg/cwe400-242-cpg-resolved.bin	tc242_flow3	CWE400_Resource_Exhaustion__fgets_sleep_02.c	118	CWE400_Resource_Exhaustion__fgets_sleep_02.c	132
/home/swlab-jueon/swvul/tools/java-vuln-detection/slicing/output/CPG/c/cwe400_cpg/cwe400-242-cpg-resolved.bin	tc242_flow4	CWE400_Resource_Exhaustion__fgets_sleep_02.c	158	CWE400_Resource_Exhaustion__fgets_sleep_02.c	163
/home/swlab-jueon/swvul/tools/java-vuln-detection/slicing/output/CPG/c/cwe400_cpg/cwe400-242-cpg-resolved.bin	tc242_flow5	CWE400_Resource_Exhaustion__fgets_sleep_02.c	177	CWE400_Resource_Exhaustion__fgets_sleep_02.c	182
/home/swlab-jueon/swvul/tools/java-vuln-detection/slicing/output/CPG/c/cwe400_cpg/cwe400-243-cpg-resolved.bin	tc243_flow1	CWE400_Resource_Exhaustion__fgets_sleep_03.c	42	CWE400_Resource_Exhaustion__fgets_sleep_03.c	56
/home/swlab-jueon/swvul/tools/java-vuln-detection/slicing/output/CPG/c/cwe400_cpg/cwe400-243-cpg-resolved.bin	tc243_flow2	CWE400_Resource_Exhaustion__fgets_sleep_03.c	76	CWE400_Resource_Exhaustion__fgets_sleep_03.c	95
/home/swlab-jueon/swvul/tools/java-vuln-detection/slicing/output/CPG/c/cwe400_cpg/cwe400-243-cpg-resolved.bin	tc243_flow3	CWE400_Resource_Exhaustion__fgets_sleep_03.c	118	CWE400_Resource_Exhaustion__fgets_sleep_03.c	132
/home/swlab-jueon/swvul/tools/java-vuln-detection/slicing/output/CPG/c/cwe400_cpg/cwe400-243-cpg-resolved.bin	tc243_flow4	CWE400_Resource_Exhaustion__fgets_sleep_03.c	158	CWE400_Resource_Exhaustion__fgets_sleep_03.c	163
/home/swlab-jueon/swvul/tools/java-vuln-detection/slicing/output/CPG/c/cwe400_cpg/cwe400-243-cpg-resolved.bin	tc243_flow5	CWE400_Resource_Exhaustion__fgets_sleep_03.c	177	CWE400_Resource_Exhaustion__fgets_sleep_03.c	182
/home/swlab-jueon/swvul/tools/java-vuln-detection/slicing/output/CPG/c/cwe400_cpg/cwe400-244-cpg-resolved.bin	tc244_flow1	CWE400_Resource_Exhaustion__fgets_sleep_04.c	48	CWE400_Resource_Exhaustion__fgets_sleep_04.c	62
/home/swlab-jueon/swvul/tools/java-vuln-detection/slicing/output/CPG/c/cwe400_cpg/cwe400-244-cpg-resolved.bin	tc244_flow2	CWE400_Resource_Exhaustion__fgets_sleep_04.c	82	CWE400_Resource_Exhaustion__fgets_sleep_04.c	101
/home/swlab-jueon/swvul/tools/java-vuln-detection/slicing/output/CPG/c/cwe400_cpg/cwe400-244-cpg-resolved.bin	tc244_flow3	CWE400_Resource_Exhaustion__fgets_sleep_04.c	124	CWE400_Resource_Exhaustion__fgets_sleep_04.c	138
/home/swlab-jueon/swvul/tools/java-vuln-detection/slicing/output/CPG/c/cwe400_cpg/cwe400-244-cpg-resolved.bin	tc244_flow4	CWE400_Resource_Exhaustion__fgets_sleep_04.c	164	CWE400_Resource_Exhaustion__fgets_sleep_04.c	169
/home/swlab-jueon/swvul/tools/java-vuln-detection/slicing/output/CPG/c/cwe400_cpg/cwe400-244-cpg-resolved.bin	tc244_flow5	CWE400_Resource_Exhaustion__fgets_sleep_04.c	183	CWE400_Resource_Exhaustion__fgets_sleep_04.c	188
/home/swlab-jueon/swvul/tools/java-vuln-detection/slicing/output/CPG/c/cwe400_cpg/cwe400-245-cpg-resolved.bin	tc245_flow1	CWE400_Resource_Exhaustion__fgets_sleep_05.c	48	CWE400_Resource_Exhaustion__fgets_sleep_05.c	62
/home/swlab-jueon/swvul/tools/java-vuln-detection/slicing/output/CPG/c/cwe400_cpg/cwe400-245-cpg-resolved.bin	tc245_flow2	CWE400_Resource_Exhaustion__fgets_sleep_05.c	82	CWE400_Resource_Exhaustion__fgets_sleep_05.c	101
/home/swlab-jueon/swvul/tools/java-vuln-detection/slicing/output/CPG/c/cwe400_cpg/cwe400-245-cpg-resolved.bin	tc245_flow3	CWE400_Resource_Exhaustion__fgets_sleep_05.c	124	CWE400_Resource_Exhaustion__fgets_sleep_05.c	138
/home/swlab-jueon/swvul/tools/java-vuln-detection/slicing/output/CPG/c/cwe400_cpg/cwe400-245-cpg-resolved.bin	tc245_flow4	CWE400_Resource_Exhaustion__fgets_sleep_05.c	164	CWE400_Resource_Exhaustion__fgets_sleep_05.c	169
/home/swlab-jueon/swvul/tools/java-vuln-detection/slicing/output/CPG/c/cwe400_cpg/cwe400-245-cpg-resolved.bin	tc245_flow5	CWE400_Resource_Exhaustion__fgets_sleep_05.c	183	CWE400_Resource_Exhaustion__fgets_sleep_05.c	188
/home/swlab-jueon/swvul/tools/java-vuln-detection/slicing/output/CPG/c/cwe400_cpg/cwe400-246-cpg-resolved.bin	tc246_flow1	CWE400_Resource_Exhaustion__fgets_sleep_06.c	47	CWE400_Resource_Exhaustion__fgets_sleep_06.c	61
/home/swlab-jueon/swvul/tools/java-vuln-detection/slicing/output/CPG/c/cwe400_cpg/cwe400-246-cpg-resolved.bin	tc246_flow2	CWE400_Resource_Exhaustion__fgets_sleep_06.c	81	CWE400_Resource_Exhaustion__fgets_sleep_06.c	100
/home/swlab-jueon/swvul/tools/java-vuln-detection/slicing/output/CPG/c/cwe400_cpg/cwe400-246-cpg-resolved.bin	tc246_flow3	CWE400_Resource_Exhaustion__fgets_sleep_06.c	123	CWE400_Resource_Exhaustion__fgets_sleep_06.c	137
/home/swlab-jueon/swvul/tools/java-vuln-detection/slicing/output/CPG/c/cwe400_cpg/cwe400-246-cpg-resolved.bin	tc246_flow4	CWE400_Resource_Exhaustion__fgets_sleep_06.c	163	CWE400_Resource_Exhaustion__fgets_sleep_06.c	168
/home/swlab-jueon/swvul/tools/java-vuln-detection/slicing/output/CPG/c/cwe400_cpg/cwe400-246-cpg-resolved.bin	tc246_flow5	CWE400_Resource_Exhaustion__fgets_sleep_06.c	182	CWE400_Resource_Exhaustion__fgets_sleep_06.c	187
/home/swlab-jueon/swvul/tools/java-vuln-detection/slicing/output/CPG/c/cwe400_cpg/cwe400-247-cpg-resolved.bin	tc247_flow1	CWE400_Resource_Exhaustion__fgets_sleep_07.c	47	CWE400_Resource_Exhaustion__fgets_sleep_07.c	61
/home/swlab-jueon/swvul/tools/java-vuln-detection/slicing/output/CPG/c/cwe400_cpg/cwe400-247-cpg-resolved.bin	tc247_flow2	CWE400_Resource_Exhaustion__fgets_sleep_07.c	81	CWE400_Resource_Exhaustion__fgets_sleep_07.c	100
/home/swlab-jueon/swvul/tools/java-vuln-detection/slicing/output/CPG/c/cwe400_cpg/cwe400-247-cpg-resolved.bin	tc247_flow3	CWE400_Resource_Exhaustion__fgets_sleep_07.c	123	CWE400_Resource_Exhaustion__fgets_sleep_07.c	137
/home/swlab-jueon/swvul/tools/java-vuln-detection/slicing/output/CPG/c/cwe400_cpg/cwe400-247-cpg-resolved.bin	tc247_flow4	CWE400_Resource_Exhaustion__fgets_sleep_07.c	163	CWE400_Resource_Exhaustion__fgets_sleep_07.c	168
/home/swlab-jueon/swvul/tools/java-vuln-detection/slicing/output/CPG/c/cwe400_cpg/cwe400-247-cpg-resolved.bin	tc247_flow5	CWE400_Resource_Exhaustion__fgets_sleep_07.c	182	CWE400_Resource_Exhaustion__fgets_sleep_07.c	187
/home/swlab-jueon/swvul/tools/java-vuln-detection/slicing/output/CPG/c/cwe400_cpg/cwe400-248-cpg-resolved.bin	tc248_flow1	CWE400_Resource_Exhaustion__fgets_sleep_08.c	55	CWE400_Resource_Exhaustion__fgets_sleep_08.c	69
/home/swlab-jueon/swvul/tools/java-vuln-detection/slicing/output/CPG/c/cwe400_cpg/cwe400-248-cpg-resolved.bin	tc248_flow2	CWE400_Resource_Exhaustion__fgets_sleep_08.c	89	CWE400_Resource_Exhaustion__fgets_sleep_08.c	108
/home/swlab-jueon/swvul/tools/java-vuln-detection/slicing/output/CPG/c/cwe400_cpg/cwe400-248-cpg-resolved.bin	tc248_flow3	CWE400_Resource_Exhaustion__fgets_sleep_08.c	131	CWE400_Resource_Exhaustion__fgets_sleep_08.c	145
/home/swlab-jueon/swvul/tools/java-vuln-detection/slicing/output/CPG/c/cwe400_cpg/cwe400-248-cpg-resolved.bin	tc248_flow4	CWE400_Resource_Exhaustion__fgets_sleep_08.c	171	CWE400_Resource_Exhaustion__fgets_sleep_08.c	176
/home/swlab-jueon/swvul/tools/java-vuln-detection/slicing/output/CPG/c/cwe400_cpg/cwe400-248-cpg-resolved.bin	tc248_flow5	CWE400_Resource_Exhaustion__fgets_sleep_08.c	190	CWE400_Resource_Exhaustion__fgets_sleep_08.c	195
/home/swlab-jueon/swvul/tools/java-vuln-detection/slicing/output/CPG/c/cwe400_cpg/cwe400-249-cpg-resolved.bin	tc249_flow1	CWE400_Resource_Exhaustion__fgets_sleep_09.c	42	CWE400_Resource_Exhaustion__fgets_sleep_09.c	56
/home/swlab-jueon/swvul/tools/java-vuln-detection/slicing/output/CPG/c/cwe400_cpg/cwe400-249-cpg-resolved.bin	tc249_flow2	CWE400_Resource_Exhaustion__fgets_sleep_09.c	76	CWE400_Resource_Exhaustion__fgets_sleep_09.c	95
/home/swlab-jueon/swvul/tools/java-vuln-detection/slicing/output/CPG/c/cwe400_cpg/cwe400-249-cpg-resolved.bin	tc249_flow3	CWE400_Resource_Exhaustion__fgets_sleep_09.c	118	CWE400_Resource_Exhaustion__fgets_sleep_09.c	132
/home/swlab-jueon/swvul/tools/java-vuln-detection/slicing/output/CPG/c/cwe400_cpg/cwe400-249-cpg-resolved.bin	tc249_flow4	CWE400_Resource_Exhaustion__fgets_sleep_09.c	158	CWE400_Resource_Exhaustion__fgets_sleep_09.c	163
/home/swlab-jueon/swvul/tools/java-vuln-detection/slicing/output/CPG/c/cwe400_cpg/cwe400-249-cpg-resolved.bin	tc249_flow5	CWE400_Resource_Exhaustion__fgets_sleep_09.c	177	CWE400_Resource_Exhaustion__fgets_sleep_09.c	182
/home/swlab-jueon/swvul/tools/java-vuln-detection/slicing/output/CPG/c/cwe400_cpg/cwe400-250-cpg-resolved.bin	tc250_flow1	CWE400_Resource_Exhaustion__fgets_sleep_10.c	42	CWE400_Resource_Exhaustion__fgets_sleep_10.c	56
/home/swlab-jueon/swvul/tools/java-vuln-detection/slicing/output/CPG/c/cwe400_cpg/cwe400-250-cpg-resolved.bin	tc250_flow2	CWE400_Resource_Exhaustion__fgets_sleep_10.c	76	CWE400_Resource_Exhaustion__fgets_sleep_10.c	95
/home/swlab-jueon/swvul/tools/java-vuln-detection/slicing/output/CPG/c/cwe400_cpg/cwe400-250-cpg-resolved.bin	tc250_flow3	CWE400_Resource_Exhaustion__fgets_sleep_10.c	118	CWE400_Resource_Exhaustion__fgets_sleep_10.c	132
/home/swlab-jueon/swvul/tools/java-vuln-detection/slicing/output/CPG/c/cwe400_cpg/cwe400-250-cpg-resolved.bin	tc250_flow4	CWE400_Resource_Exhaustion__fgets_sleep_10.c	158	CWE400_Resource_Exhaustion__fgets_sleep_10.c	163
/home/swlab-jueon/swvul/tools/java-vuln-detection/slicing/output/CPG/c/cwe400_cpg/cwe400-250-cpg-resolved.bin	tc250_flow5	CWE400_Resource_Exhaustion__fgets_sleep_10.c	177	CWE400_Resource_Exhaustion__fgets_sleep_10.c	182
/home/swlab-jueon/swvul/tools/java-vuln-detection/slicing/output/CPG/c/cwe400_cpg/cwe400-251-cpg-resolved.bin	tc251_flow1	CWE400_Resource_Exhaustion__fgets_sleep_11.c	42	CWE400_Resource_Exhaustion__fgets_sleep_11.c	56
/home/swlab-jueon/swvul/tools/java-vuln-detection/slicing/output/CPG/c/cwe400_cpg/cwe400-251-cpg-resolved.bin	tc251_flow2	CWE400_Resource_Exhaustion__fgets_sleep_11.c	76	CWE400_Resource_Exhaustion__fgets_sleep_11.c	95
/home/swlab-jueon/swvul/tools/java-vuln-detection/slicing/output/CPG/c/cwe400_cpg/cwe400-251-cpg-resolved.bin	tc251_flow3	CWE400_Resource_Exhaustion__fgets_sleep_11.c	118	CWE400_Resource_Exhaustion__fgets_sleep_11.c	132
/home/swlab-jueon/swvul/tools/java-vuln-detection/slicing/output/CPG/c/cwe400_cpg/cwe400-251-cpg-resolved.bin	tc251_flow4	CWE400_Resource_Exhaustion__fgets_sleep_11.c	158	CWE400_Resource_Exhaustion__fgets_sleep_11.c	163
/home/swlab-jueon/swvul/tools/java-vuln-detection/slicing/output/CPG/c/cwe400_cpg/cwe400-251-cpg-resolved.bin	tc251_flow5	CWE400_Resource_Exhaustion__fgets_sleep_11.c	177	CWE400_Resource_Exhaustion__fgets_sleep_11.c	182
/home/swlab-jueon/swvul/tools/java-vuln-detection/slicing/output/CPG/c/cwe400_cpg/cwe400-252-cpg-resolved.bin	tc252_flow2	CWE400_Resource_Exhaustion__fgets_sleep_12.c	96	CWE400_Resource_Exhaustion__fgets_sleep_12.c	139
/home/swlab-jueon/swvul/tools/java-vuln-detection/slicing/output/CPG/c/cwe400_cpg/cwe400-252-cpg-resolved.bin	tc252_flow3	CWE400_Resource_Exhaustion__fgets_sleep_12.c	162	CWE400_Resource_Exhaustion__fgets_sleep_12.c	178
/home/swlab-jueon/swvul/tools/java-vuln-detection/slicing/output/CPG/c/cwe400_cpg/cwe400-253-cpg-resolved.bin	tc253_flow1	CWE400_Resource_Exhaustion__fgets_sleep_13.c	42	CWE400_Resource_Exhaustion__fgets_sleep_13.c	56
/home/swlab-jueon/swvul/tools/java-vuln-detection/slicing/output/CPG/c/cwe400_cpg/cwe400-253-cpg-resolved.bin	tc253_flow2	CWE400_Resource_Exhaustion__fgets_sleep_13.c	76	CWE400_Resource_Exhaustion__fgets_sleep_13.c	95
/home/swlab-jueon/swvul/tools/java-vuln-detection/slicing/output/CPG/c/cwe400_cpg/cwe400-253-cpg-resolved.bin	tc253_flow3	CWE400_Resource_Exhaustion__fgets_sleep_13.c	118	CWE400_Resource_Exhaustion__fgets_sleep_13.c	132
/home/swlab-jueon/swvul/tools/java-vuln-detection/slicing/output/CPG/c/cwe400_cpg/cwe400-253-cpg-resolved.bin	tc253_flow4	CWE400_Resource_Exhaustion__fgets_sleep_13.c	158	CWE400_Resource_Exhaustion__fgets_sleep_13.c	163
/home/swlab-jueon/swvul/tools/java-vuln-detection/slicing/output/CPG/c/cwe400_cpg/cwe400-253-cpg-resolved.bin	tc253_flow5	CWE400_Resource_Exhaustion__fgets_sleep_13.c	177	CWE400_Resource_Exhaustion__fgets_sleep_13.c	182
/home/swlab-jueon/swvul/tools/java-vuln-detection/slicing/output/CPG/c/cwe400_cpg/cwe400-254-cpg-resolved.bin	tc254_flow1	CWE400_Resource_Exhaustion__fgets_sleep_14.c	42	CWE400_Resource_Exhaustion__fgets_sleep_14.c	56
/home/swlab-jueon/swvul/tools/java-vuln-detection/slicing/output/CPG/c/cwe400_cpg/cwe400-254-cpg-resolved.bin	tc254_flow2	CWE400_Resource_Exhaustion__fgets_sleep_14.c	76	CWE400_Resource_Exhaustion__fgets_sleep_14.c	95
/home/swlab-jueon/swvul/tools/java-vuln-detection/slicing/output/CPG/c/cwe400_cpg/cwe400-254-cpg-resolved.bin	tc254_flow3	CWE400_Resource_Exhaustion__fgets_sleep_14.c	118	CWE400_Resource_Exhaustion__fgets_sleep_14.c	132
/home/swlab-jueon/swvul/tools/java-vuln-detection/slicing/output/CPG/c/cwe400_cpg/cwe400-254-cpg-resolved.bin	tc254_flow4	CWE400_Resource_Exhaustion__fgets_sleep_14.c	158	CWE400_Resource_Exhaustion__fgets_sleep_14.c	163
/home/swlab-jueon/swvul/tools/java-vuln-detection/slicing/output/CPG/c/cwe400_cpg/cwe400-254-cpg-resolved.bin	tc254_flow5	CWE400_Resource_Exhaustion__fgets_sleep_14.c	177	CWE400_Resource_Exhaustion__fgets_sleep_14.c	182
/home/swlab-jueon/swvul/tools/java-vuln-detection/slicing/output/CPG/c/cwe400_cpg/cwe400-255-cpg-resolved.bin	tc255_flow1	CWE400_Resource_Exhaustion__fgets_sleep_15.c	43	CWE400_Resource_Exhaustion__fgets_sleep_15.c	63
/home/swlab-jueon/swvul/tools/java-vuln-detection/slicing/output/CPG/c/cwe400_cpg/cwe400-255-cpg-resolved.bin	tc255_flow2	CWE400_Resource_Exhaustion__fgets_sleep_15.c	89	CWE400_Resource_Exhaustion__fgets_sleep_15.c	113
/home/swlab-jueon/swvul/tools/java-vuln-detection/slicing/output/CPG/c/cwe400_cpg/cwe400-255-cpg-resolved.bin	tc255_flow3	CWE400_Resource_Exhaustion__fgets_sleep_15.c	138	CWE400_Resource_Exhaustion__fgets_sleep_15.c	158
/home/swlab-jueon/swvul/tools/java-vuln-detection/slicing/output/CPG/c/cwe400_cpg/cwe400-255-cpg-resolved.bin	tc255_flow4	CWE400_Resource_Exhaustion__fgets_sleep_15.c	189	CWE400_Resource_Exhaustion__fgets_sleep_15.c	196
/home/swlab-jueon/swvul/tools/java-vuln-detection/slicing/output/CPG/c/cwe400_cpg/cwe400-255-cpg-resolved.bin	tc255_flow5	CWE400_Resource_Exhaustion__fgets_sleep_15.c	216	CWE400_Resource_Exhaustion__fgets_sleep_15.c	227
/home/swlab-jueon/swvul/tools/java-vuln-detection/slicing/output/CPG/c/cwe400_cpg/cwe400-256-cpg-resolved.bin	tc256_flow1	CWE400_Resource_Exhaustion__fgets_sleep_16.c	42	CWE400_Resource_Exhaustion__fgets_sleep_16.c	57
/home/swlab-jueon/swvul/tools/java-vuln-detection/slicing/output/CPG/c/cwe400_cpg/cwe400-256-cpg-resolved.bin	tc256_flow2	CWE400_Resource_Exhaustion__fgets_sleep_16.c	78	CWE400_Resource_Exhaustion__fgets_sleep_16.c	93
/home/swlab-jueon/swvul/tools/java-vuln-detection/slicing/output/CPG/c/cwe400_cpg/cwe400-256-cpg-resolved.bin	tc256_flow3	CWE400_Resource_Exhaustion__fgets_sleep_16.c	115	CWE400_Resource_Exhaustion__fgets_sleep_16.c	121
/home/swlab-jueon/swvul/tools/java-vuln-detection/slicing/output/CPG/c/cwe400_cpg/cwe400-257-cpg-resolved.bin	tc257_flow1	CWE400_Resource_Exhaustion__fgets_sleep_17.c	43	CWE400_Resource_Exhaustion__fgets_sleep_17.c	57
/home/swlab-jueon/swvul/tools/java-vuln-detection/slicing/output/CPG/c/cwe400_cpg/cwe400-257-cpg-resolved.bin	tc257_flow2	CWE400_Resource_Exhaustion__fgets_sleep_17.c	78	CWE400_Resource_Exhaustion__fgets_sleep_17.c	92
/home/swlab-jueon/swvul/tools/java-vuln-detection/slicing/output/CPG/c/cwe400_cpg/cwe400-257-cpg-resolved.bin	tc257_flow3	CWE400_Resource_Exhaustion__fgets_sleep_17.c	114	CWE400_Resource_Exhaustion__fgets_sleep_17.c	119
/home/swlab-jueon/swvul/tools/java-vuln-detection/slicing/output/CPG/c/cwe400_cpg/cwe400-258-cpg-resolved.bin	tc258_flow1	CWE400_Resource_Exhaustion__fgets_sleep_18.c	42	CWE400_Resource_Exhaustion__fgets_sleep_18.c	55
/home/swlab-jueon/swvul/tools/java-vuln-detection/slicing/output/CPG/c/cwe400_cpg/cwe400-258-cpg-resolved.bin	tc258_flow2	CWE400_Resource_Exhaustion__fgets_sleep_18.c	74	CWE400_Resource_Exhaustion__fgets_sleep_18.c	87
/home/swlab-jueon/swvul/tools/java-vuln-detection/slicing/output/CPG/c/cwe400_cpg/cwe400-258-cpg-resolved.bin	tc258_flow3	CWE400_Resource_Exhaustion__fgets_sleep_18.c	107	CWE400_Resource_Exhaustion__fgets_sleep_18.c	111
/home/swlab-jueon/swvul/tools/java-vuln-detection/slicing/output/CPG/c/cwe400_cpg/cwe400-259-cpg-resolved.bin	tc259_flow1	CWE400_Resource_Exhaustion__fgets_sleep_21.c	53	CWE400_Resource_Exhaustion__fgets_sleep_21.c	40
/home/swlab-jueon/swvul/tools/java-vuln-detection/slicing/output/CPG/c/cwe400_cpg/cwe400-259-cpg-resolved.bin	tc259_flow2	CWE400_Resource_Exhaustion__fgets_sleep_21.c	107	CWE400_Resource_Exhaustion__fgets_sleep_21.c	87
/home/swlab-jueon/swvul/tools/java-vuln-detection/slicing/output/CPG/c/cwe400_cpg/cwe400-259-cpg-resolved.bin	tc259_flow3	CWE400_Resource_Exhaustion__fgets_sleep_21.c	147	CWE400_Resource_Exhaustion__fgets_sleep_21.c	127
/home/swlab-jueon/swvul/tools/java-vuln-detection/slicing/output/CPG/c/cwe400_cpg/cwe400-259-cpg-resolved.bin	tc259_flow4	CWE400_Resource_Exhaustion__fgets_sleep_21.c	178	CWE400_Resource_Exhaustion__fgets_sleep_21.c	167
/home/swlab-jueon/swvul/tools/java-vuln-detection/slicing/output/CPG/c/cwe400_cpg/cwe400-261-cpg-resolved.bin	tc261_flow1	CWE400_Resource_Exhaustion__fgets_sleep_31.c	40	CWE400_Resource_Exhaustion__fgets_sleep_31.c	54
/home/swlab-jueon/swvul/tools/java-vuln-detection/slicing/output/CPG/c/cwe400_cpg/cwe400-261-cpg-resolved.bin	tc261_flow2	CWE400_Resource_Exhaustion__fgets_sleep_31.c	89	CWE400_Resource_Exhaustion__fgets_sleep_31.c	103
/home/swlab-jueon/swvul/tools/java-vuln-detection/slicing/output/CPG/c/cwe400_cpg/cwe400-261-cpg-resolved.bin	tc261_flow3	CWE400_Resource_Exhaustion__fgets_sleep_31.c	70	CWE400_Resource_Exhaustion__fgets_sleep_31.c	75
/home/swlab-jueon/swvul/tools/java-vuln-detection/slicing/output/CPG/c/cwe400_cpg/cwe400-262-cpg-resolved.bin	tc262_flow1	CWE400_Resource_Exhaustion__fgets_sleep_32.c	44	CWE400_Resource_Exhaustion__fgets_sleep_32.c	59
/home/swlab-jueon/swvul/tools/java-vuln-detection/slicing/output/CPG/c/cwe400_cpg/cwe400-262-cpg-resolved.bin	tc262_flow2	CWE400_Resource_Exhaustion__fgets_sleep_32.c	103	CWE400_Resource_Exhaustion__fgets_sleep_32.c	118
/home/swlab-jueon/swvul/tools/java-vuln-detection/slicing/output/CPG/c/cwe400_cpg/cwe400-262-cpg-resolved.bin	tc262_flow3	CWE400_Resource_Exhaustion__fgets_sleep_32.c	79	CWE400_Resource_Exhaustion__fgets_sleep_32.c	85
/home/swlab-jueon/swvul/tools/java-vuln-detection/slicing/output/CPG/c/cwe400_cpg/cwe400-263-cpg-resolved.bin	tc263_flow1	CWE400_Resource_Exhaustion__fgets_sleep_33.cpp	44	CWE400_Resource_Exhaustion__fgets_sleep_33.cpp	57
/home/swlab-jueon/swvul/tools/java-vuln-detection/slicing/output/CPG/c/cwe400_cpg/cwe400-263-cpg-resolved.bin	tc263_flow2	CWE400_Resource_Exhaustion__fgets_sleep_33.cpp	93	CWE400_Resource_Exhaustion__fgets_sleep_33.cpp	106
/home/swlab-jueon/swvul/tools/java-vuln-detection/slicing/output/CPG/c/cwe400_cpg/cwe400-263-cpg-resolved.bin	tc263_flow3	CWE400_Resource_Exhaustion__fgets_sleep_33.cpp	74	CWE400_Resource_Exhaustion__fgets_sleep_33.cpp	78
/home/swlab-jueon/swvul/tools/java-vuln-detection/slicing/output/CPG/c/cwe400_cpg/cwe400-264-cpg-resolved.bin	tc264_flow1	CWE400_Resource_Exhaustion__fgets_sleep_34.c	47	CWE400_Resource_Exhaustion__fgets_sleep_34.c	61
/home/swlab-jueon/swvul/tools/java-vuln-detection/slicing/output/CPG/c/cwe400_cpg/cwe400-264-cpg-resolved.bin	tc264_flow2	CWE400_Resource_Exhaustion__fgets_sleep_34.c	98	CWE400_Resource_Exhaustion__fgets_sleep_34.c	112
/home/swlab-jueon/swvul/tools/java-vuln-detection/slicing/output/CPG/c/cwe400_cpg/cwe400-264-cpg-resolved.bin	tc264_flow3	CWE400_Resource_Exhaustion__fgets_sleep_34.c	78	CWE400_Resource_Exhaustion__fgets_sleep_34.c	83
/home/swlab-jueon/swvul/tools/java-vuln-detection/slicing/output/CPG/c/cwe400_cpg/cwe400-265-cpg-resolved.bin	tc265_flow1	CWE400_Resource_Exhaustion__fgets_sleep_41.c	47	CWE400_Resource_Exhaustion__fgets_sleep_41.c	35
/home/swlab-jueon/swvul/tools/java-vuln-detection/slicing/output/CPG/c/cwe400_cpg/cwe400-265-cpg-resolved.bin	tc265_flow2	CWE400_Resource_Exhaustion__fgets_sleep_41.c	105	CWE400_Resource_Exhaustion__fgets_sleep_41.c	86
/home/swlab-jueon/swvul/tools/java-vuln-detection/slicing/output/CPG/c/cwe400_cpg/cwe400-265-cpg-resolved.bin	tc265_flow3	CWE400_Resource_Exhaustion__fgets_sleep_41.c	78	CWE400_Resource_Exhaustion__fgets_sleep_41.c	68
/home/swlab-jueon/swvul/tools/java-vuln-detection/slicing/output/CPG/c/cwe400_cpg/cwe400-266-cpg-resolved.bin	tc266_flow2	CWE400_Resource_Exhaustion__fgets_sleep_42.c	90	CWE400_Resource_Exhaustion__fgets_sleep_42.c	110
/home/swlab-jueon/swvul/tools/java-vuln-detection/slicing/output/CPG/c/cwe400_cpg/cwe400-266-cpg-resolved.bin	tc266_flow3	CWE400_Resource_Exhaustion__fgets_sleep_42.c	69	CWE400_Resource_Exhaustion__fgets_sleep_42.c	80
/home/swlab-jueon/swvul/tools/java-vuln-detection/slicing/output/CPG/c/cwe400_cpg/cwe400-267-cpg-resolved.bin	tc267_flow1	CWE400_Resource_Exhaustion__fgets_sleep_43.cpp	40	CWE400_Resource_Exhaustion__fgets_sleep_43.cpp	59
/home/swlab-jueon/swvul/tools/java-vuln-detection/slicing/output/CPG/c/cwe400_cpg/cwe400-267-cpg-resolved.bin	tc267_flow2	CWE400_Resource_Exhaustion__fgets_sleep_43.cpp	91	CWE400_Resource_Exhaustion__fgets_sleep_43.cpp	110
/home/swlab-jueon/swvul/tools/java-vuln-detection/slicing/output/CPG/c/cwe400_cpg/cwe400-267-cpg-resolved.bin	tc267_flow3	CWE400_Resource_Exhaustion__fgets_sleep_43.cpp	71	CWE400_Resource_Exhaustion__fgets_sleep_43.cpp	81
/home/swlab-jueon/swvul/tools/java-vuln-detection/slicing/output/CPG/c/cwe400_cpg/cwe400-268-cpg-resolved.bin	tc268_flow1	CWE400_Resource_Exhaustion__fgets_sleep_44.c	49	CWE400_Resource_Exhaustion__fgets_sleep_44.c	35
/home/swlab-jueon/swvul/tools/java-vuln-detection/slicing/output/CPG/c/cwe400_cpg/cwe400-268-cpg-resolved.bin	tc268_flow2	CWE400_Resource_Exhaustion__fgets_sleep_44.c	110	CWE400_Resource_Exhaustion__fgets_sleep_44.c	90
/home/swlab-jueon/swvul/tools/java-vuln-detection/slicing/output/CPG/c/cwe400_cpg/cwe400-268-cpg-resolved.bin	tc268_flow3	CWE400_Resource_Exhaustion__fgets_sleep_44.c	82	CWE400_Resource_Exhaustion__fgets_sleep_44.c	71
/home/swlab-jueon/swvul/tools/java-vuln-detection/slicing/output/CPG/c/cwe400_cpg/cwe400-269-cpg-resolved.bin	tc269_flow1	CWE400_Resource_Exhaustion__fgets_sleep_45.c	52	CWE400_Resource_Exhaustion__fgets_sleep_45.c	40
/home/swlab-jueon/swvul/tools/java-vuln-detection/slicing/output/CPG/c/cwe400_cpg/cwe400-269-cpg-resolved.bin	tc269_flow2	CWE400_Resource_Exhaustion__fgets_sleep_45.c	114	CWE400_Resource_Exhaustion__fgets_sleep_45.c	95
/home/swlab-jueon/swvul/tools/java-vuln-detection/slicing/output/CPG/c/cwe400_cpg/cwe400-269-cpg-resolved.bin	tc269_flow3	CWE400_Resource_Exhaustion__fgets_sleep_45.c	85	CWE400_Resource_Exhaustion__fgets_sleep_45.c	75
/home/swlab-jueon/swvul/tools/java-vuln-detection/slicing/output/CPG/c/cwe400_cpg/cwe400-274-cpg-resolved.bin	tc274_flow2	CWE400_Resource_Exhaustion__fgets_sleep_61b.c	68	CWE400_Resource_Exhaustion__fgets_sleep_61a.c	74
/home/swlab-jueon/swvul/tools/java-vuln-detection/slicing/output/CPG/c/cwe400_cpg/cwe400-274-cpg-resolved.bin	tc274_flow3	CWE400_Resource_Exhaustion__fgets_sleep_61b.c	58	CWE400_Resource_Exhaustion__fgets_sleep_61a.c	60
/home/swlab-jueon/swvul/tools/java-vuln-detection/slicing/output/CPG/c/cwe400_cpg/cwe400-275-cpg-resolved.bin	tc275_flow1	CWE400_Resource_Exhaustion__fgets_sleep_62b.cpp	32	CWE400_Resource_Exhaustion__fgets_sleep_62a.cpp	43
/home/swlab-jueon/swvul/tools/java-vuln-detection/slicing/output/CPG/c/cwe400_cpg/cwe400-275-cpg-resolved.bin	tc275_flow2	CWE400_Resource_Exhaustion__fgets_sleep_62b.cpp	61	CWE400_Resource_Exhaustion__fgets_sleep_62a.cpp	75
/home/swlab-jueon/swvul/tools/java-vuln-detection/slicing/output/CPG/c/cwe400_cpg/cwe400-275-cpg-resolved.bin	tc275_flow3	CWE400_Resource_Exhaustion__fgets_sleep_62b.cpp	52	CWE400_Resource_Exhaustion__fgets_sleep_62a.cpp	61
/home/swlab-jueon/swvul/tools/java-vuln-detection/slicing/output/CPG/c/cwe400_cpg/cwe400-282-cpg-resolved.bin	tc282_flow1	CWE400_Resource_Exhaustion__fgets_sleep_72a.cpp	42	CWE400_Resource_Exhaustion__fgets_sleep_72b.cpp	41
/home/swlab-jueon/swvul/tools/java-vuln-detection/slicing/output/CPG/c/cwe400_cpg/cwe400-282-cpg-resolved.bin	tc282_flow2	CWE400_Resource_Exhaustion__fgets_sleep_72a.cpp	93	CWE400_Resource_Exhaustion__fgets_sleep_72b.cpp	63
/home/swlab-jueon/swvul/tools/java-vuln-detection/slicing/output/CPG/c/cwe400_cpg/cwe400-282-cpg-resolved.bin	tc282_flow3	CWE400_Resource_Exhaustion__fgets_sleep_72a.cpp	73	CWE400_Resource_Exhaustion__fgets_sleep_72b.cpp	54
/home/swlab-jueon/swvul/tools/java-vuln-detection/slicing/output/CPG/c/cwe400_cpg/cwe400-283-cpg-resolved.bin	tc283_flow1	CWE400_Resource_Exhaustion__fgets_sleep_73a.cpp	42	CWE400_Resource_Exhaustion__fgets_sleep_73b.cpp	41
/home/swlab-jueon/swvul/tools/java-vuln-detection/slicing/output/CPG/c/cwe400_cpg/cwe400-283-cpg-resolved.bin	tc283_flow2	CWE400_Resource_Exhaustion__fgets_sleep_73a.cpp	93	CWE400_Resource_Exhaustion__fgets_sleep_73b.cpp	63
/home/swlab-jueon/swvul/tools/java-vuln-detection/slicing/output/CPG/c/cwe400_cpg/cwe400-283-cpg-resolved.bin	tc283_flow3	CWE400_Resource_Exhaustion__fgets_sleep_73a.cpp	73	CWE400_Resource_Exhaustion__fgets_sleep_73b.cpp	54
/home/swlab-jueon/swvul/tools/java-vuln-detection/slicing/output/CPG/c/cwe400_cpg/cwe400-284-cpg-resolved.bin	tc284_flow1	CWE400_Resource_Exhaustion__fgets_sleep_74a.cpp	42	CWE400_Resource_Exhaustion__fgets_sleep_74b.cpp	41
/home/swlab-jueon/swvul/tools/java-vuln-detection/slicing/output/CPG/c/cwe400_cpg/cwe400-284-cpg-resolved.bin	tc284_flow2	CWE400_Resource_Exhaustion__fgets_sleep_74a.cpp	93	CWE400_Resource_Exhaustion__fgets_sleep_74b.cpp	63
/home/swlab-jueon/swvul/tools/java-vuln-detection/slicing/output/CPG/c/cwe400_cpg/cwe400-284-cpg-resolved.bin	tc284_flow3	CWE400_Resource_Exhaustion__fgets_sleep_74a.cpp	73	CWE400_Resource_Exhaustion__fgets_sleep_74b.cpp	54
/home/swlab-jueon/swvul/tools/java-vuln-detection/slicing/output/CPG/c/cwe400_cpg/cwe400-285-cpg-resolved.bin	tc285_flow1	CWE400_Resource_Exhaustion__fgets_sleep_81a.cpp	36	CWE400_Resource_Exhaustion__fgets_sleep_81_bad.cpp	36
/home/swlab-jueon/swvul/tools/java-vuln-detection/slicing/output/CPG/c/cwe400_cpg/cwe400-285-cpg-resolved.bin	tc285_flow2	CWE400_Resource_Exhaustion__fgets_sleep_81a.cpp	75	CWE400_Resource_Exhaustion__fgets_sleep_81_goodB2G.cpp	36
/home/swlab-jueon/swvul/tools/java-vuln-detection/slicing/output/CPG/c/cwe400_cpg/cwe400-285-cpg-resolved.bin	tc285_flow3	CWE400_Resource_Exhaustion__fgets_sleep_81a.cpp	61	CWE400_Resource_Exhaustion__fgets_sleep_81_goodG2B.cpp	36
/home/swlab-jueon/swvul/tools/java-vuln-detection/slicing/output/CPG/c/cwe400_cpg/cwe400-286-cpg-resolved.bin	tc286_flow1	CWE400_Resource_Exhaustion__fgets_sleep_82a.cpp	36	CWE400_Resource_Exhaustion__fgets_sleep_82_bad.cpp	36
/home/swlab-jueon/swvul/tools/java-vuln-detection/slicing/output/CPG/c/cwe400_cpg/cwe400-286-cpg-resolved.bin	tc286_flow2	CWE400_Resource_Exhaustion__fgets_sleep_82a.cpp	77	CWE400_Resource_Exhaustion__fgets_sleep_82_goodB2G.cpp	36
/home/swlab-jueon/swvul/tools/java-vuln-detection/slicing/output/CPG/c/cwe400_cpg/cwe400-286-cpg-resolved.bin	tc286_flow3	CWE400_Resource_Exhaustion__fgets_sleep_82a.cpp	62	CWE400_Resource_Exhaustion__fgets_sleep_82_goodG2B.cpp	36
/home/swlab-jueon/swvul/tools/java-vuln-detection/slicing/output/CPG/c/cwe400_cpg/cwe400-289-cpg-resolved.bin	tc289_flow1	CWE400_Resource_Exhaustion__fscanf_for_loop_01.c	28	CWE400_Resource_Exhaustion__fscanf_for_loop_01.c	32
/home/swlab-jueon/swvul/tools/java-vuln-detection/slicing/output/CPG/c/cwe400_cpg/cwe400-289-cpg-resolved.bin	tc289_flow2	CWE400_Resource_Exhaustion__fscanf_for_loop_01.c	68	CWE400_Resource_Exhaustion__fscanf_for_loop_01.c	72
/home/swlab-jueon/swvul/tools/java-vuln-detection/slicing/output/CPG/c/cwe400_cpg/cwe400-289-cpg-resolved.bin	tc289_flow3	CWE400_Resource_Exhaustion__fscanf_for_loop_01.c	50	CWE400_Resource_Exhaustion__fscanf_for_loop_01.c	54
/home/swlab-jueon/swvul/tools/java-vuln-detection/slicing/output/CPG/c/cwe400_cpg/cwe400-290-cpg-resolved.bin	tc290_flow1	CWE400_Resource_Exhaustion__fscanf_for_loop_02.c	30	CWE400_Resource_Exhaustion__fscanf_for_loop_02.c	37
/home/swlab-jueon/swvul/tools/java-vuln-detection/slicing/output/CPG/c/cwe400_cpg/cwe400-290-cpg-resolved.bin	tc290_flow2	CWE400_Resource_Exhaustion__fscanf_for_loop_02.c	58	CWE400_Resource_Exhaustion__fscanf_for_loop_02.c	70
/home/swlab-jueon/swvul/tools/java-vuln-detection/slicing/output/CPG/c/cwe400_cpg/cwe400-290-cpg-resolved.bin	tc290_flow3	CWE400_Resource_Exhaustion__fscanf_for_loop_02.c	90	CWE400_Resource_Exhaustion__fscanf_for_loop_02.c	97
/home/swlab-jueon/swvul/tools/java-vuln-detection/slicing/output/CPG/c/cwe400_cpg/cwe400-290-cpg-resolved.bin	tc290_flow4	CWE400_Resource_Exhaustion__fscanf_for_loop_02.c	122	CWE400_Resource_Exhaustion__fscanf_for_loop_02.c	129
/home/swlab-jueon/swvul/tools/java-vuln-detection/slicing/output/CPG/c/cwe400_cpg/cwe400-290-cpg-resolved.bin	tc290_flow5	CWE400_Resource_Exhaustion__fscanf_for_loop_02.c	146	CWE400_Resource_Exhaustion__fscanf_for_loop_02.c	153
/home/swlab-jueon/swvul/tools/java-vuln-detection/slicing/output/CPG/c/cwe400_cpg/cwe400-291-cpg-resolved.bin	tc291_flow1	CWE400_Resource_Exhaustion__fscanf_for_loop_03.c	30	CWE400_Resource_Exhaustion__fscanf_for_loop_03.c	37
/home/swlab-jueon/swvul/tools/java-vuln-detection/slicing/output/CPG/c/cwe400_cpg/cwe400-291-cpg-resolved.bin	tc291_flow2	CWE400_Resource_Exhaustion__fscanf_for_loop_03.c	58	CWE400_Resource_Exhaustion__fscanf_for_loop_03.c	70
/home/swlab-jueon/swvul/tools/java-vuln-detection/slicing/output/CPG/c/cwe400_cpg/cwe400-291-cpg-resolved.bin	tc291_flow3	CWE400_Resource_Exhaustion__fscanf_for_loop_03.c	90	CWE400_Resource_Exhaustion__fscanf_for_loop_03.c	97
/home/swlab-jueon/swvul/tools/java-vuln-detection/slicing/output/CPG/c/cwe400_cpg/cwe400-291-cpg-resolved.bin	tc291_flow4	CWE400_Resource_Exhaustion__fscanf_for_loop_03.c	122	CWE400_Resource_Exhaustion__fscanf_for_loop_03.c	129
/home/swlab-jueon/swvul/tools/java-vuln-detection/slicing/output/CPG/c/cwe400_cpg/cwe400-291-cpg-resolved.bin	tc291_flow5	CWE400_Resource_Exhaustion__fscanf_for_loop_03.c	146	CWE400_Resource_Exhaustion__fscanf_for_loop_03.c	153
/home/swlab-jueon/swvul/tools/java-vuln-detection/slicing/output/CPG/c/cwe400_cpg/cwe400-292-cpg-resolved.bin	tc292_flow1	CWE400_Resource_Exhaustion__fscanf_for_loop_04.c	36	CWE400_Resource_Exhaustion__fscanf_for_loop_04.c	43
/home/swlab-jueon/swvul/tools/java-vuln-detection/slicing/output/CPG/c/cwe400_cpg/cwe400-292-cpg-resolved.bin	tc292_flow2	CWE400_Resource_Exhaustion__fscanf_for_loop_04.c	64	CWE400_Resource_Exhaustion__fscanf_for_loop_04.c	76
/home/swlab-jueon/swvul/tools/java-vuln-detection/slicing/output/CPG/c/cwe400_cpg/cwe400-292-cpg-resolved.bin	tc292_flow3	CWE400_Resource_Exhaustion__fscanf_for_loop_04.c	96	CWE400_Resource_Exhaustion__fscanf_for_loop_04.c	103
/home/swlab-jueon/swvul/tools/java-vuln-detection/slicing/output/CPG/c/cwe400_cpg/cwe400-292-cpg-resolved.bin	tc292_flow4	CWE400_Resource_Exhaustion__fscanf_for_loop_04.c	128	CWE400_Resource_Exhaustion__fscanf_for_loop_04.c	135
/home/swlab-jueon/swvul/tools/java-vuln-detection/slicing/output/CPG/c/cwe400_cpg/cwe400-292-cpg-resolved.bin	tc292_flow5	CWE400_Resource_Exhaustion__fscanf_for_loop_04.c	152	CWE400_Resource_Exhaustion__fscanf_for_loop_04.c	159
/home/swlab-jueon/swvul/tools/java-vuln-detection/slicing/output/CPG/c/cwe400_cpg/cwe400-293-cpg-resolved.bin	tc293_flow1	CWE400_Resource_Exhaustion__fscanf_for_loop_05.c	36	CWE400_Resource_Exhaustion__fscanf_for_loop_05.c	43
/home/swlab-jueon/swvul/tools/java-vuln-detection/slicing/output/CPG/c/cwe400_cpg/cwe400-293-cpg-resolved.bin	tc293_flow2	CWE400_Resource_Exhaustion__fscanf_for_loop_05.c	64	CWE400_Resource_Exhaustion__fscanf_for_loop_05.c	76
/home/swlab-jueon/swvul/tools/java-vuln-detection/slicing/output/CPG/c/cwe400_cpg/cwe400-293-cpg-resolved.bin	tc293_flow3	CWE400_Resource_Exhaustion__fscanf_for_loop_05.c	96	CWE400_Resource_Exhaustion__fscanf_for_loop_05.c	103
/home/swlab-jueon/swvul/tools/java-vuln-detection/slicing/output/CPG/c/cwe400_cpg/cwe400-293-cpg-resolved.bin	tc293_flow4	CWE400_Resource_Exhaustion__fscanf_for_loop_05.c	128	CWE400_Resource_Exhaustion__fscanf_for_loop_05.c	135
/home/swlab-jueon/swvul/tools/java-vuln-detection/slicing/output/CPG/c/cwe400_cpg/cwe400-293-cpg-resolved.bin	tc293_flow5	CWE400_Resource_Exhaustion__fscanf_for_loop_05.c	152	CWE400_Resource_Exhaustion__fscanf_for_loop_05.c	159
/home/swlab-jueon/swvul/tools/java-vuln-detection/slicing/output/CPG/c/cwe400_cpg/cwe400-294-cpg-resolved.bin	tc294_flow1	CWE400_Resource_Exhaustion__fscanf_for_loop_06.c	35	CWE400_Resource_Exhaustion__fscanf_for_loop_06.c	42
/home/swlab-jueon/swvul/tools/java-vuln-detection/slicing/output/CPG/c/cwe400_cpg/cwe400-294-cpg-resolved.bin	tc294_flow2	CWE400_Resource_Exhaustion__fscanf_for_loop_06.c	63	CWE400_Resource_Exhaustion__fscanf_for_loop_06.c	75
/home/swlab-jueon/swvul/tools/java-vuln-detection/slicing/output/CPG/c/cwe400_cpg/cwe400-294-cpg-resolved.bin	tc294_flow3	CWE400_Resource_Exhaustion__fscanf_for_loop_06.c	95	CWE400_Resource_Exhaustion__fscanf_for_loop_06.c	102
/home/swlab-jueon/swvul/tools/java-vuln-detection/slicing/output/CPG/c/cwe400_cpg/cwe400-294-cpg-resolved.bin	tc294_flow4	CWE400_Resource_Exhaustion__fscanf_for_loop_06.c	127	CWE400_Resource_Exhaustion__fscanf_for_loop_06.c	134
/home/swlab-jueon/swvul/tools/java-vuln-detection/slicing/output/CPG/c/cwe400_cpg/cwe400-294-cpg-resolved.bin	tc294_flow5	CWE400_Resource_Exhaustion__fscanf_for_loop_06.c	151	CWE400_Resource_Exhaustion__fscanf_for_loop_06.c	158
/home/swlab-jueon/swvul/tools/java-vuln-detection/slicing/output/CPG/c/cwe400_cpg/cwe400-295-cpg-resolved.bin	tc295_flow1	CWE400_Resource_Exhaustion__fscanf_for_loop_07.c	35	CWE400_Resource_Exhaustion__fscanf_for_loop_07.c	42
/home/swlab-jueon/swvul/tools/java-vuln-detection/slicing/output/CPG/c/cwe400_cpg/cwe400-295-cpg-resolved.bin	tc295_flow2	CWE400_Resource_Exhaustion__fscanf_for_loop_07.c	63	CWE400_Resource_Exhaustion__fscanf_for_loop_07.c	75
/home/swlab-jueon/swvul/tools/java-vuln-detection/slicing/output/CPG/c/cwe400_cpg/cwe400-295-cpg-resolved.bin	tc295_flow3	CWE400_Resource_Exhaustion__fscanf_for_loop_07.c	95	CWE400_Resource_Exhaustion__fscanf_for_loop_07.c	102
/home/swlab-jueon/swvul/tools/java-vuln-detection/slicing/output/CPG/c/cwe400_cpg/cwe400-295-cpg-resolved.bin	tc295_flow4	CWE400_Resource_Exhaustion__fscanf_for_loop_07.c	127	CWE400_Resource_Exhaustion__fscanf_for_loop_07.c	134
/home/swlab-jueon/swvul/tools/java-vuln-detection/slicing/output/CPG/c/cwe400_cpg/cwe400-295-cpg-resolved.bin	tc295_flow5	CWE400_Resource_Exhaustion__fscanf_for_loop_07.c	151	CWE400_Resource_Exhaustion__fscanf_for_loop_07.c	158
/home/swlab-jueon/swvul/tools/java-vuln-detection/slicing/output/CPG/c/cwe400_cpg/cwe400-296-cpg-resolved.bin	tc296_flow1	CWE400_Resource_Exhaustion__fscanf_for_loop_08.c	43	CWE400_Resource_Exhaustion__fscanf_for_loop_08.c	50
/home/swlab-jueon/swvul/tools/java-vuln-detection/slicing/output/CPG/c/cwe400_cpg/cwe400-296-cpg-resolved.bin	tc296_flow2	CWE400_Resource_Exhaustion__fscanf_for_loop_08.c	71	CWE400_Resource_Exhaustion__fscanf_for_loop_08.c	83
/home/swlab-jueon/swvul/tools/java-vuln-detection/slicing/output/CPG/c/cwe400_cpg/cwe400-296-cpg-resolved.bin	tc296_flow3	CWE400_Resource_Exhaustion__fscanf_for_loop_08.c	103	CWE400_Resource_Exhaustion__fscanf_for_loop_08.c	110
/home/swlab-jueon/swvul/tools/java-vuln-detection/slicing/output/CPG/c/cwe400_cpg/cwe400-296-cpg-resolved.bin	tc296_flow4	CWE400_Resource_Exhaustion__fscanf_for_loop_08.c	135	CWE400_Resource_Exhaustion__fscanf_for_loop_08.c	142
/home/swlab-jueon/swvul/tools/java-vuln-detection/slicing/output/CPG/c/cwe400_cpg/cwe400-296-cpg-resolved.bin	tc296_flow5	CWE400_Resource_Exhaustion__fscanf_for_loop_08.c	159	CWE400_Resource_Exhaustion__fscanf_for_loop_08.c	166
/home/swlab-jueon/swvul/tools/java-vuln-detection/slicing/output/CPG/c/cwe400_cpg/cwe400-297-cpg-resolved.bin	tc297_flow1	CWE400_Resource_Exhaustion__fscanf_for_loop_09.c	30	CWE400_Resource_Exhaustion__fscanf_for_loop_09.c	37
/home/swlab-jueon/swvul/tools/java-vuln-detection/slicing/output/CPG/c/cwe400_cpg/cwe400-297-cpg-resolved.bin	tc297_flow2	CWE400_Resource_Exhaustion__fscanf_for_loop_09.c	58	CWE400_Resource_Exhaustion__fscanf_for_loop_09.c	70
/home/swlab-jueon/swvul/tools/java-vuln-detection/slicing/output/CPG/c/cwe400_cpg/cwe400-297-cpg-resolved.bin	tc297_flow3	CWE400_Resource_Exhaustion__fscanf_for_loop_09.c	90	CWE400_Resource_Exhaustion__fscanf_for_loop_09.c	97
/home/swlab-jueon/swvul/tools/java-vuln-detection/slicing/output/CPG/c/cwe400_cpg/cwe400-297-cpg-resolved.bin	tc297_flow4	CWE400_Resource_Exhaustion__fscanf_for_loop_09.c	122	CWE400_Resource_Exhaustion__fscanf_for_loop_09.c	129
/home/swlab-jueon/swvul/tools/java-vuln-detection/slicing/output/CPG/c/cwe400_cpg/cwe400-297-cpg-resolved.bin	tc297_flow5	CWE400_Resource_Exhaustion__fscanf_for_loop_09.c	146	CWE400_Resource_Exhaustion__fscanf_for_loop_09.c	153
/home/swlab-jueon/swvul/tools/java-vuln-detection/slicing/output/CPG/c/cwe400_cpg/cwe400-298-cpg-resolved.bin	tc298_flow1	CWE400_Resource_Exhaustion__fscanf_for_loop_10.c	30	CWE400_Resource_Exhaustion__fscanf_for_loop_10.c	37
/home/swlab-jueon/swvul/tools/java-vuln-detection/slicing/output/CPG/c/cwe400_cpg/cwe400-298-cpg-resolved.bin	tc298_flow2	CWE400_Resource_Exhaustion__fscanf_for_loop_10.c	58	CWE400_Resource_Exhaustion__fscanf_for_loop_10.c	70
/home/swlab-jueon/swvul/tools/java-vuln-detection/slicing/output/CPG/c/cwe400_cpg/cwe400-298-cpg-resolved.bin	tc298_flow3	CWE400_Resource_Exhaustion__fscanf_for_loop_10.c	90	CWE400_Resource_Exhaustion__fscanf_for_loop_10.c	97
/home/swlab-jueon/swvul/tools/java-vuln-detection/slicing/output/CPG/c/cwe400_cpg/cwe400-298-cpg-resolved.bin	tc298_flow4	CWE400_Resource_Exhaustion__fscanf_for_loop_10.c	122	CWE400_Resource_Exhaustion__fscanf_for_loop_10.c	129
/home/swlab-jueon/swvul/tools/java-vuln-detection/slicing/output/CPG/c/cwe400_cpg/cwe400-298-cpg-resolved.bin	tc298_flow5	CWE400_Resource_Exhaustion__fscanf_for_loop_10.c	146	CWE400_Resource_Exhaustion__fscanf_for_loop_10.c	153
/home/swlab-jueon/swvul/tools/java-vuln-detection/slicing/output/CPG/c/cwe400_cpg/cwe400-299-cpg-resolved.bin	tc299_flow1	CWE400_Resource_Exhaustion__fscanf_for_loop_11.c	30	CWE400_Resource_Exhaustion__fscanf_for_loop_11.c	37
/home/swlab-jueon/swvul/tools/java-vuln-detection/slicing/output/CPG/c/cwe400_cpg/cwe400-299-cpg-resolved.bin	tc299_flow2	CWE400_Resource_Exhaustion__fscanf_for_loop_11.c	58	CWE400_Resource_Exhaustion__fscanf_for_loop_11.c	70
/home/swlab-jueon/swvul/tools/java-vuln-detection/slicing/output/CPG/c/cwe400_cpg/cwe400-299-cpg-resolved.bin	tc299_flow3	CWE400_Resource_Exhaustion__fscanf_for_loop_11.c	90	CWE400_Resource_Exhaustion__fscanf_for_loop_11.c	97
/home/swlab-jueon/swvul/tools/java-vuln-detection/slicing/output/CPG/c/cwe400_cpg/cwe400-299-cpg-resolved.bin	tc299_flow4	CWE400_Resource_Exhaustion__fscanf_for_loop_11.c	122	CWE400_Resource_Exhaustion__fscanf_for_loop_11.c	129
/home/swlab-jueon/swvul/tools/java-vuln-detection/slicing/output/CPG/c/cwe400_cpg/cwe400-299-cpg-resolved.bin	tc299_flow5	CWE400_Resource_Exhaustion__fscanf_for_loop_11.c	146	CWE400_Resource_Exhaustion__fscanf_for_loop_11.c	153
/home/swlab-jueon/swvul/tools/java-vuln-detection/slicing/output/CPG/c/cwe400_cpg/cwe400-300-cpg-resolved.bin	tc300_flow2	CWE400_Resource_Exhaustion__fscanf_for_loop_12.c	79	CWE400_Resource_Exhaustion__fscanf_for_loop_12.c	105
/home/swlab-jueon/swvul/tools/java-vuln-detection/slicing/output/CPG/c/cwe400_cpg/cwe400-300-cpg-resolved.bin	tc300_flow3	CWE400_Resource_Exhaustion__fscanf_for_loop_12.c	127	CWE400_Resource_Exhaustion__fscanf_for_loop_12.c	150
/home/swlab-jueon/swvul/tools/java-vuln-detection/slicing/output/CPG/c/cwe400_cpg/cwe400-301-cpg-resolved.bin	tc301_flow1	CWE400_Resource_Exhaustion__fscanf_for_loop_13.c	30	CWE400_Resource_Exhaustion__fscanf_for_loop_13.c	37
/home/swlab-jueon/swvul/tools/java-vuln-detection/slicing/output/CPG/c/cwe400_cpg/cwe400-301-cpg-resolved.bin	tc301_flow2	CWE400_Resource_Exhaustion__fscanf_for_loop_13.c	58	CWE400_Resource_Exhaustion__fscanf_for_loop_13.c	70
/home/swlab-jueon/swvul/tools/java-vuln-detection/slicing/output/CPG/c/cwe400_cpg/cwe400-301-cpg-resolved.bin	tc301_flow3	CWE400_Resource_Exhaustion__fscanf_for_loop_13.c	90	CWE400_Resource_Exhaustion__fscanf_for_loop_13.c	97
/home/swlab-jueon/swvul/tools/java-vuln-detection/slicing/output/CPG/c/cwe400_cpg/cwe400-301-cpg-resolved.bin	tc301_flow4	CWE400_Resource_Exhaustion__fscanf_for_loop_13.c	122	CWE400_Resource_Exhaustion__fscanf_for_loop_13.c	129
/home/swlab-jueon/swvul/tools/java-vuln-detection/slicing/output/CPG/c/cwe400_cpg/cwe400-301-cpg-resolved.bin	tc301_flow5	CWE400_Resource_Exhaustion__fscanf_for_loop_13.c	146	CWE400_Resource_Exhaustion__fscanf_for_loop_13.c	153
/home/swlab-jueon/swvul/tools/java-vuln-detection/slicing/output/CPG/c/cwe400_cpg/cwe400-302-cpg-resolved.bin	tc302_flow1	CWE400_Resource_Exhaustion__fscanf_for_loop_14.c	30	CWE400_Resource_Exhaustion__fscanf_for_loop_14.c	37
/home/swlab-jueon/swvul/tools/java-vuln-detection/slicing/output/CPG/c/cwe400_cpg/cwe400-302-cpg-resolved.bin	tc302_flow2	CWE400_Resource_Exhaustion__fscanf_for_loop_14.c	58	CWE400_Resource_Exhaustion__fscanf_for_loop_14.c	70
/home/swlab-jueon/swvul/tools/java-vuln-detection/slicing/output/CPG/c/cwe400_cpg/cwe400-302-cpg-resolved.bin	tc302_flow3	CWE400_Resource_Exhaustion__fscanf_for_loop_14.c	90	CWE400_Resource_Exhaustion__fscanf_for_loop_14.c	97
/home/swlab-jueon/swvul/tools/java-vuln-detection/slicing/output/CPG/c/cwe400_cpg/cwe400-302-cpg-resolved.bin	tc302_flow4	CWE400_Resource_Exhaustion__fscanf_for_loop_14.c	122	CWE400_Resource_Exhaustion__fscanf_for_loop_14.c	129
/home/swlab-jueon/swvul/tools/java-vuln-detection/slicing/output/CPG/c/cwe400_cpg/cwe400-302-cpg-resolved.bin	tc302_flow5	CWE400_Resource_Exhaustion__fscanf_for_loop_14.c	146	CWE400_Resource_Exhaustion__fscanf_for_loop_14.c	153
/home/swlab-jueon/swvul/tools/java-vuln-detection/slicing/output/CPG/c/cwe400_cpg/cwe400-303-cpg-resolved.bin	tc303_flow1	CWE400_Resource_Exhaustion__fscanf_for_loop_15.c	31	CWE400_Resource_Exhaustion__fscanf_for_loop_15.c	44
/home/swlab-jueon/swvul/tools/java-vuln-detection/slicing/output/CPG/c/cwe400_cpg/cwe400-303-cpg-resolved.bin	tc303_flow2	CWE400_Resource_Exhaustion__fscanf_for_loop_15.c	71	CWE400_Resource_Exhaustion__fscanf_for_loop_15.c	88
/home/swlab-jueon/swvul/tools/java-vuln-detection/slicing/output/CPG/c/cwe400_cpg/cwe400-303-cpg-resolved.bin	tc303_flow3	CWE400_Resource_Exhaustion__fscanf_for_loop_15.c	110	CWE400_Resource_Exhaustion__fscanf_for_loop_15.c	123
/home/swlab-jueon/swvul/tools/java-vuln-detection/slicing/output/CPG/c/cwe400_cpg/cwe400-303-cpg-resolved.bin	tc303_flow4	CWE400_Resource_Exhaustion__fscanf_for_loop_15.c	153	CWE400_Resource_Exhaustion__fscanf_for_loop_15.c	162
/home/swlab-jueon/swvul/tools/java-vuln-detection/slicing/output/CPG/c/cwe400_cpg/cwe400-303-cpg-resolved.bin	tc303_flow5	CWE400_Resource_Exhaustion__fscanf_for_loop_15.c	185	CWE400_Resource_Exhaustion__fscanf_for_loop_15.c	198
/home/swlab-jueon/swvul/tools/java-vuln-detection/slicing/output/CPG/c/cwe400_cpg/cwe400-304-cpg-resolved.bin	tc304_flow1	CWE400_Resource_Exhaustion__fscanf_for_loop_16.c	30	CWE400_Resource_Exhaustion__fscanf_for_loop_16.c	38
/home/swlab-jueon/swvul/tools/java-vuln-detection/slicing/output/CPG/c/cwe400_cpg/cwe400-304-cpg-resolved.bin	tc304_flow2	CWE400_Resource_Exhaustion__fscanf_for_loop_16.c	60	CWE400_Resource_Exhaustion__fscanf_for_loop_16.c	68
/home/swlab-jueon/swvul/tools/java-vuln-detection/slicing/output/CPG/c/cwe400_cpg/cwe400-304-cpg-resolved.bin	tc304_flow3	CWE400_Resource_Exhaustion__fscanf_for_loop_16.c	89	CWE400_Resource_Exhaustion__fscanf_for_loop_16.c	97
/home/swlab-jueon/swvul/tools/java-vuln-detection/slicing/output/CPG/c/cwe400_cpg/cwe400-305-cpg-resolved.bin	tc305_flow1	CWE400_Resource_Exhaustion__fscanf_for_loop_17.c	31	CWE400_Resource_Exhaustion__fscanf_for_loop_17.c	38
/home/swlab-jueon/swvul/tools/java-vuln-detection/slicing/output/CPG/c/cwe400_cpg/cwe400-305-cpg-resolved.bin	tc305_flow2	CWE400_Resource_Exhaustion__fscanf_for_loop_17.c	60	CWE400_Resource_Exhaustion__fscanf_for_loop_17.c	67
/home/swlab-jueon/swvul/tools/java-vuln-detection/slicing/output/CPG/c/cwe400_cpg/cwe400-305-cpg-resolved.bin	tc305_flow3	CWE400_Resource_Exhaustion__fscanf_for_loop_17.c	88	CWE400_Resource_Exhaustion__fscanf_for_loop_17.c	95
/home/swlab-jueon/swvul/tools/java-vuln-detection/slicing/output/CPG/c/cwe400_cpg/cwe400-306-cpg-resolved.bin	tc306_flow1	CWE400_Resource_Exhaustion__fscanf_for_loop_18.c	30	CWE400_Resource_Exhaustion__fscanf_for_loop_18.c	36
/home/swlab-jueon/swvul/tools/java-vuln-detection/slicing/output/CPG/c/cwe400_cpg/cwe400-306-cpg-resolved.bin	tc306_flow2	CWE400_Resource_Exhaustion__fscanf_for_loop_18.c	56	CWE400_Resource_Exhaustion__fscanf_for_loop_18.c	62
/home/swlab-jueon/swvul/tools/java-vuln-detection/slicing/output/CPG/c/cwe400_cpg/cwe400-306-cpg-resolved.bin	tc306_flow3	CWE400_Resource_Exhaustion__fscanf_for_loop_18.c	81	CWE400_Resource_Exhaustion__fscanf_for_loop_18.c	87
/home/swlab-jueon/swvul/tools/java-vuln-detection/slicing/output/CPG/c/cwe400_cpg/cwe400-307-cpg-resolved.bin	tc307_flow1	CWE400_Resource_Exhaustion__fscanf_for_loop_21.c	46	CWE400_Resource_Exhaustion__fscanf_for_loop_21.c	32
/home/swlab-jueon/swvul/tools/java-vuln-detection/slicing/output/CPG/c/cwe400_cpg/cwe400-307-cpg-resolved.bin	tc307_flow2	CWE400_Resource_Exhaustion__fscanf_for_loop_21.c	90	CWE400_Resource_Exhaustion__fscanf_for_loop_21.c	73
/home/swlab-jueon/swvul/tools/java-vuln-detection/slicing/output/CPG/c/cwe400_cpg/cwe400-307-cpg-resolved.bin	tc307_flow3	CWE400_Resource_Exhaustion__fscanf_for_loop_21.c	120	CWE400_Resource_Exhaustion__fscanf_for_loop_21.c	103
/home/swlab-jueon/swvul/tools/java-vuln-detection/slicing/output/CPG/c/cwe400_cpg/cwe400-307-cpg-resolved.bin	tc307_flow4	CWE400_Resource_Exhaustion__fscanf_for_loop_21.c	147	CWE400_Resource_Exhaustion__fscanf_for_loop_21.c	133
/home/swlab-jueon/swvul/tools/java-vuln-detection/slicing/output/CPG/c/cwe400_cpg/cwe400-309-cpg-resolved.bin	tc309_flow1	CWE400_Resource_Exhaustion__fscanf_for_loop_31.c	28	CWE400_Resource_Exhaustion__fscanf_for_loop_31.c	35
/home/swlab-jueon/swvul/tools/java-vuln-detection/slicing/output/CPG/c/cwe400_cpg/cwe400-309-cpg-resolved.bin	tc309_flow2	CWE400_Resource_Exhaustion__fscanf_for_loop_31.c	76	CWE400_Resource_Exhaustion__fscanf_for_loop_31.c	83
/home/swlab-jueon/swvul/tools/java-vuln-detection/slicing/output/CPG/c/cwe400_cpg/cwe400-309-cpg-resolved.bin	tc309_flow3	CWE400_Resource_Exhaustion__fscanf_for_loop_31.c	54	CWE400_Resource_Exhaustion__fscanf_for_loop_31.c	61
/home/swlab-jueon/swvul/tools/java-vuln-detection/slicing/output/CPG/c/cwe400_cpg/cwe400-310-cpg-resolved.bin	tc310_flow1	CWE400_Resource_Exhaustion__fscanf_for_loop_32.c	32	CWE400_Resource_Exhaustion__fscanf_for_loop_32.c	40
/home/swlab-jueon/swvul/tools/java-vuln-detection/slicing/output/CPG/c/cwe400_cpg/cwe400-310-cpg-resolved.bin	tc310_flow2	CWE400_Resource_Exhaustion__fscanf_for_loop_32.c	90	CWE400_Resource_Exhaustion__fscanf_for_loop_32.c	98
/home/swlab-jueon/swvul/tools/java-vuln-detection/slicing/output/CPG/c/cwe400_cpg/cwe400-310-cpg-resolved.bin	tc310_flow3	CWE400_Resource_Exhaustion__fscanf_for_loop_32.c	63	CWE400_Resource_Exhaustion__fscanf_for_loop_32.c	71
/home/swlab-jueon/swvul/tools/java-vuln-detection/slicing/output/CPG/c/cwe400_cpg/cwe400-311-cpg-resolved.bin	tc311_flow1	CWE400_Resource_Exhaustion__fscanf_for_loop_33.cpp	32	CWE400_Resource_Exhaustion__fscanf_for_loop_33.cpp	38
/home/swlab-jueon/swvul/tools/java-vuln-detection/slicing/output/CPG/c/cwe400_cpg/cwe400-311-cpg-resolved.bin	tc311_flow2	CWE400_Resource_Exhaustion__fscanf_for_loop_33.cpp	80	CWE400_Resource_Exhaustion__fscanf_for_loop_33.cpp	86
/home/swlab-jueon/swvul/tools/java-vuln-detection/slicing/output/CPG/c/cwe400_cpg/cwe400-311-cpg-resolved.bin	tc311_flow3	CWE400_Resource_Exhaustion__fscanf_for_loop_33.cpp	58	CWE400_Resource_Exhaustion__fscanf_for_loop_33.cpp	64
/home/swlab-jueon/swvul/tools/java-vuln-detection/slicing/output/CPG/c/cwe400_cpg/cwe400-312-cpg-resolved.bin	tc312_flow1	CWE400_Resource_Exhaustion__fscanf_for_loop_34.c	35	CWE400_Resource_Exhaustion__fscanf_for_loop_34.c	42
/home/swlab-jueon/swvul/tools/java-vuln-detection/slicing/output/CPG/c/cwe400_cpg/cwe400-312-cpg-resolved.bin	tc312_flow2	CWE400_Resource_Exhaustion__fscanf_for_loop_34.c	85	CWE400_Resource_Exhaustion__fscanf_for_loop_34.c	92
/home/swlab-jueon/swvul/tools/java-vuln-detection/slicing/output/CPG/c/cwe400_cpg/cwe400-312-cpg-resolved.bin	tc312_flow3	CWE400_Resource_Exhaustion__fscanf_for_loop_34.c	62	CWE400_Resource_Exhaustion__fscanf_for_loop_34.c	69
/home/swlab-jueon/swvul/tools/java-vuln-detection/slicing/output/CPG/c/cwe400_cpg/cwe400-313-cpg-resolved.bin	tc313_flow1	CWE400_Resource_Exhaustion__fscanf_for_loop_41.c	40	CWE400_Resource_Exhaustion__fscanf_for_loop_41.c	27
/home/swlab-jueon/swvul/tools/java-vuln-detection/slicing/output/CPG/c/cwe400_cpg/cwe400-313-cpg-resolved.bin	tc313_flow2	CWE400_Resource_Exhaustion__fscanf_for_loop_41.c	93	CWE400_Resource_Exhaustion__fscanf_for_loop_41.c	77
/home/swlab-jueon/swvul/tools/java-vuln-detection/slicing/output/CPG/c/cwe400_cpg/cwe400-313-cpg-resolved.bin	tc313_flow3	CWE400_Resource_Exhaustion__fscanf_for_loop_41.c	67	CWE400_Resource_Exhaustion__fscanf_for_loop_41.c	54
/home/swlab-jueon/swvul/tools/java-vuln-detection/slicing/output/CPG/c/cwe400_cpg/cwe400-314-cpg-resolved.bin	tc314_flow2	CWE400_Resource_Exhaustion__fscanf_for_loop_42.c	77	CWE400_Resource_Exhaustion__fscanf_for_loop_42.c	90
/home/swlab-jueon/swvul/tools/java-vuln-detection/slicing/output/CPG/c/cwe400_cpg/cwe400-314-cpg-resolved.bin	tc314_flow3	CWE400_Resource_Exhaustion__fscanf_for_loop_42.c	53	CWE400_Resource_Exhaustion__fscanf_for_loop_42.c	66
/home/swlab-jueon/swvul/tools/java-vuln-detection/slicing/output/CPG/c/cwe400_cpg/cwe400-315-cpg-resolved.bin	tc315_flow1	CWE400_Resource_Exhaustion__fscanf_for_loop_43.cpp	28	CWE400_Resource_Exhaustion__fscanf_for_loop_43.cpp	40
/home/swlab-jueon/swvul/tools/java-vuln-detection/slicing/output/CPG/c/cwe400_cpg/cwe400-315-cpg-resolved.bin	tc315_flow2	CWE400_Resource_Exhaustion__fscanf_for_loop_43.cpp	78	CWE400_Resource_Exhaustion__fscanf_for_loop_43.cpp	90
/home/swlab-jueon/swvul/tools/java-vuln-detection/slicing/output/CPG/c/cwe400_cpg/cwe400-315-cpg-resolved.bin	tc315_flow3	CWE400_Resource_Exhaustion__fscanf_for_loop_43.cpp	55	CWE400_Resource_Exhaustion__fscanf_for_loop_43.cpp	67
/home/swlab-jueon/swvul/tools/java-vuln-detection/slicing/output/CPG/c/cwe400_cpg/cwe400-316-cpg-resolved.bin	tc316_flow1	CWE400_Resource_Exhaustion__fscanf_for_loop_44.c	42	CWE400_Resource_Exhaustion__fscanf_for_loop_44.c	27
/home/swlab-jueon/swvul/tools/java-vuln-detection/slicing/output/CPG/c/cwe400_cpg/cwe400-316-cpg-resolved.bin	tc316_flow2	CWE400_Resource_Exhaustion__fscanf_for_loop_44.c	98	CWE400_Resource_Exhaustion__fscanf_for_loop_44.c	81
/home/swlab-jueon/swvul/tools/java-vuln-detection/slicing/output/CPG/c/cwe400_cpg/cwe400-316-cpg-resolved.bin	tc316_flow3	CWE400_Resource_Exhaustion__fscanf_for_loop_44.c	71	CWE400_Resource_Exhaustion__fscanf_for_loop_44.c	57
/home/swlab-jueon/swvul/tools/java-vuln-detection/slicing/output/CPG/c/cwe400_cpg/cwe400-317-cpg-resolved.bin	tc317_flow1	CWE400_Resource_Exhaustion__fscanf_for_loop_45.c	45	CWE400_Resource_Exhaustion__fscanf_for_loop_45.c	32
/home/swlab-jueon/swvul/tools/java-vuln-detection/slicing/output/CPG/c/cwe400_cpg/cwe400-317-cpg-resolved.bin	tc317_flow2	CWE400_Resource_Exhaustion__fscanf_for_loop_45.c	102	CWE400_Resource_Exhaustion__fscanf_for_loop_45.c	86
/home/swlab-jueon/swvul/tools/java-vuln-detection/slicing/output/CPG/c/cwe400_cpg/cwe400-317-cpg-resolved.bin	tc317_flow3	CWE400_Resource_Exhaustion__fscanf_for_loop_45.c	74	CWE400_Resource_Exhaustion__fscanf_for_loop_45.c	61
/home/swlab-jueon/swvul/tools/java-vuln-detection/slicing/output/CPG/c/cwe400_cpg/cwe400-322-cpg-resolved.bin	tc322_flow2	CWE400_Resource_Exhaustion__fscanf_for_loop_61b.c	45	CWE400_Resource_Exhaustion__fscanf_for_loop_61a.c	76
/home/swlab-jueon/swvul/tools/java-vuln-detection/slicing/output/CPG/c/cwe400_cpg/cwe400-322-cpg-resolved.bin	tc322_flow3	CWE400_Resource_Exhaustion__fscanf_for_loop_61b.c	37	CWE400_Resource_Exhaustion__fscanf_for_loop_61a.c	57
/home/swlab-jueon/swvul/tools/java-vuln-detection/slicing/output/CPG/c/cwe400_cpg/cwe400-323-cpg-resolved.bin	tc323_flow1	CWE400_Resource_Exhaustion__fscanf_for_loop_62b.cpp	28	CWE400_Resource_Exhaustion__fscanf_for_loop_62a.cpp	37
/home/swlab-jueon/swvul/tools/java-vuln-detection/slicing/output/CPG/c/cwe400_cpg/cwe400-323-cpg-resolved.bin	tc323_flow2	CWE400_Resource_Exhaustion__fscanf_for_loop_62b.cpp	46	CWE400_Resource_Exhaustion__fscanf_for_loop_62a.cpp	79
/home/swlab-jueon/swvul/tools/java-vuln-detection/slicing/output/CPG/c/cwe400_cpg/cwe400-323-cpg-resolved.bin	tc323_flow3	CWE400_Resource_Exhaustion__fscanf_for_loop_62b.cpp	39	CWE400_Resource_Exhaustion__fscanf_for_loop_62a.cpp	60
/home/swlab-jueon/swvul/tools/java-vuln-detection/slicing/output/CPG/c/cwe400_cpg/cwe400-330-cpg-resolved.bin	tc330_flow1	CWE400_Resource_Exhaustion__fscanf_for_loop_72a.cpp	38	CWE400_Resource_Exhaustion__fscanf_for_loop_72b.cpp	35
/home/swlab-jueon/swvul/tools/java-vuln-detection/slicing/output/CPG/c/cwe400_cpg/cwe400-330-cpg-resolved.bin	tc330_flow2	CWE400_Resource_Exhaustion__fscanf_for_loop_72a.cpp	78	CWE400_Resource_Exhaustion__fscanf_for_loop_72b.cpp	67
/home/swlab-jueon/swvul/tools/java-vuln-detection/slicing/output/CPG/c/cwe400_cpg/cwe400-330-cpg-resolved.bin	tc330_flow3	CWE400_Resource_Exhaustion__fscanf_for_loop_72a.cpp	60	CWE400_Resource_Exhaustion__fscanf_for_loop_72b.cpp	53
/home/swlab-jueon/swvul/tools/java-vuln-detection/slicing/output/CPG/c/cwe400_cpg/cwe400-331-cpg-resolved.bin	tc331_flow1	CWE400_Resource_Exhaustion__fscanf_for_loop_73a.cpp	38	CWE400_Resource_Exhaustion__fscanf_for_loop_73b.cpp	35
/home/swlab-jueon/swvul/tools/java-vuln-detection/slicing/output/CPG/c/cwe400_cpg/cwe400-331-cpg-resolved.bin	tc331_flow2	CWE400_Resource_Exhaustion__fscanf_for_loop_73a.cpp	78	CWE400_Resource_Exhaustion__fscanf_for_loop_73b.cpp	67
/home/swlab-jueon/swvul/tools/java-vuln-detection/slicing/output/CPG/c/cwe400_cpg/cwe400-331-cpg-resolved.bin	tc331_flow3	CWE400_Resource_Exhaustion__fscanf_for_loop_73a.cpp	60	CWE400_Resource_Exhaustion__fscanf_for_loop_73b.cpp	53
/home/swlab-jueon/swvul/tools/java-vuln-detection/slicing/output/CPG/c/cwe400_cpg/cwe400-332-cpg-resolved.bin	tc332_flow1	CWE400_Resource_Exhaustion__fscanf_for_loop_74a.cpp	38	CWE400_Resource_Exhaustion__fscanf_for_loop_74b.cpp	35
/home/swlab-jueon/swvul/tools/java-vuln-detection/slicing/output/CPG/c/cwe400_cpg/cwe400-332-cpg-resolved.bin	tc332_flow2	CWE400_Resource_Exhaustion__fscanf_for_loop_74a.cpp	78	CWE400_Resource_Exhaustion__fscanf_for_loop_74b.cpp	67
/home/swlab-jueon/swvul/tools/java-vuln-detection/slicing/output/CPG/c/cwe400_cpg/cwe400-332-cpg-resolved.bin	tc332_flow3	CWE400_Resource_Exhaustion__fscanf_for_loop_74a.cpp	60	CWE400_Resource_Exhaustion__fscanf_for_loop_74b.cpp	53
/home/swlab-jueon/swvul/tools/java-vuln-detection/slicing/output/CPG/c/cwe400_cpg/cwe400-333-cpg-resolved.bin	tc333_flow1	CWE400_Resource_Exhaustion__fscanf_for_loop_81a.cpp	32	CWE400_Resource_Exhaustion__fscanf_for_loop_81_bad.cpp	30
/home/swlab-jueon/swvul/tools/java-vuln-detection/slicing/output/CPG/c/cwe400_cpg/cwe400-333-cpg-resolved.bin	tc333_flow2	CWE400_Resource_Exhaustion__fscanf_for_loop_81a.cpp	60	CWE400_Resource_Exhaustion__fscanf_for_loop_81_goodB2G.cpp	30
/home/swlab-jueon/swvul/tools/java-vuln-detection/slicing/output/CPG/c/cwe400_cpg/cwe400-333-cpg-resolved.bin	tc333_flow3	CWE400_Resource_Exhaustion__fscanf_for_loop_81a.cpp	48	CWE400_Resource_Exhaustion__fscanf_for_loop_81_goodG2B.cpp	30
/home/swlab-jueon/swvul/tools/java-vuln-detection/slicing/output/CPG/c/cwe400_cpg/cwe400-334-cpg-resolved.bin	tc334_flow1	CWE400_Resource_Exhaustion__fscanf_for_loop_82a.cpp	32	CWE400_Resource_Exhaustion__fscanf_for_loop_82_bad.cpp	30
/home/swlab-jueon/swvul/tools/java-vuln-detection/slicing/output/CPG/c/cwe400_cpg/cwe400-334-cpg-resolved.bin	tc334_flow2	CWE400_Resource_Exhaustion__fscanf_for_loop_82a.cpp	62	CWE400_Resource_Exhaustion__fscanf_for_loop_82_goodB2G.cpp	30
/home/swlab-jueon/swvul/tools/java-vuln-detection/slicing/output/CPG/c/cwe400_cpg/cwe400-334-cpg-resolved.bin	tc334_flow3	CWE400_Resource_Exhaustion__fscanf_for_loop_82a.cpp	49	CWE400_Resource_Exhaustion__fscanf_for_loop_82_goodG2B.cpp	30
/home/swlab-jueon/swvul/tools/java-vuln-detection/slicing/output/CPG/c/cwe400_cpg/cwe400-337-cpg-resolved.bin	tc337_flow1	CWE400_Resource_Exhaustion__fscanf_fwrite_01.c	30	CWE400_Resource_Exhaustion__fscanf_fwrite_01.c	42
/home/swlab-jueon/swvul/tools/java-vuln-detection/slicing/output/CPG/c/cwe400_cpg/cwe400-337-cpg-resolved.bin	tc337_flow2	CWE400_Resource_Exhaustion__fscanf_fwrite_01.c	100	CWE400_Resource_Exhaustion__fscanf_fwrite_01.c	106
/home/swlab-jueon/swvul/tools/java-vuln-detection/slicing/output/CPG/c/cwe400_cpg/cwe400-337-cpg-resolved.bin	tc337_flow3	CWE400_Resource_Exhaustion__fscanf_fwrite_01.c	67	CWE400_Resource_Exhaustion__fscanf_fwrite_01.c	79
/home/swlab-jueon/swvul/tools/java-vuln-detection/slicing/output/CPG/c/cwe400_cpg/cwe400-338-cpg-resolved.bin	tc338_flow1	CWE400_Resource_Exhaustion__fscanf_fwrite_02.c	32	CWE400_Resource_Exhaustion__fscanf_fwrite_02.c	47
/home/swlab-jueon/swvul/tools/java-vuln-detection/slicing/output/CPG/c/cwe400_cpg/cwe400-338-cpg-resolved.bin	tc338_flow2	CWE400_Resource_Exhaustion__fscanf_fwrite_02.c	75	CWE400_Resource_Exhaustion__fscanf_fwrite_02.c	89
/home/swlab-jueon/swvul/tools/java-vuln-detection/slicing/output/CPG/c/cwe400_cpg/cwe400-338-cpg-resolved.bin	tc338_flow3	CWE400_Resource_Exhaustion__fscanf_fwrite_02.c	118	CWE400_Resource_Exhaustion__fscanf_fwrite_02.c	127
/home/swlab-jueon/swvul/tools/java-vuln-detection/slicing/output/CPG/c/cwe400_cpg/cwe400-338-cpg-resolved.bin	tc338_flow4	CWE400_Resource_Exhaustion__fscanf_fwrite_02.c	161	CWE400_Resource_Exhaustion__fscanf_fwrite_02.c	176
/home/swlab-jueon/swvul/tools/java-vuln-detection/slicing/output/CPG/c/cwe400_cpg/cwe400-338-cpg-resolved.bin	tc338_flow5	CWE400_Resource_Exhaustion__fscanf_fwrite_02.c	200	CWE400_Resource_Exhaustion__fscanf_fwrite_02.c	215
/home/swlab-jueon/swvul/tools/java-vuln-detection/slicing/output/CPG/c/cwe400_cpg/cwe400-339-cpg-resolved.bin	tc339_flow1	CWE400_Resource_Exhaustion__fscanf_fwrite_03.c	32	CWE400_Resource_Exhaustion__fscanf_fwrite_03.c	47
/home/swlab-jueon/swvul/tools/java-vuln-detection/slicing/output/CPG/c/cwe400_cpg/cwe400-339-cpg-resolved.bin	tc339_flow2	CWE400_Resource_Exhaustion__fscanf_fwrite_03.c	75	CWE400_Resource_Exhaustion__fscanf_fwrite_03.c	89
/home/swlab-jueon/swvul/tools/java-vuln-detection/slicing/output/CPG/c/cwe400_cpg/cwe400-339-cpg-resolved.bin	tc339_flow3	CWE400_Resource_Exhaustion__fscanf_fwrite_03.c	118	CWE400_Resource_Exhaustion__fscanf_fwrite_03.c	127
/home/swlab-jueon/swvul/tools/java-vuln-detection/slicing/output/CPG/c/cwe400_cpg/cwe400-339-cpg-resolved.bin	tc339_flow4	CWE400_Resource_Exhaustion__fscanf_fwrite_03.c	161	CWE400_Resource_Exhaustion__fscanf_fwrite_03.c	176
/home/swlab-jueon/swvul/tools/java-vuln-detection/slicing/output/CPG/c/cwe400_cpg/cwe400-339-cpg-resolved.bin	tc339_flow5	CWE400_Resource_Exhaustion__fscanf_fwrite_03.c	200	CWE400_Resource_Exhaustion__fscanf_fwrite_03.c	215
/home/swlab-jueon/swvul/tools/java-vuln-detection/slicing/output/CPG/c/cwe400_cpg/cwe400-340-cpg-resolved.bin	tc340_flow1	CWE400_Resource_Exhaustion__fscanf_fwrite_04.c	38	CWE400_Resource_Exhaustion__fscanf_fwrite_04.c	53
/home/swlab-jueon/swvul/tools/java-vuln-detection/slicing/output/CPG/c/cwe400_cpg/cwe400-340-cpg-resolved.bin	tc340_flow2	CWE400_Resource_Exhaustion__fscanf_fwrite_04.c	81	CWE400_Resource_Exhaustion__fscanf_fwrite_04.c	95
/home/swlab-jueon/swvul/tools/java-vuln-detection/slicing/output/CPG/c/cwe400_cpg/cwe400-340-cpg-resolved.bin	tc340_flow3	CWE400_Resource_Exhaustion__fscanf_fwrite_04.c	124	CWE400_Resource_Exhaustion__fscanf_fwrite_04.c	133
/home/swlab-jueon/swvul/tools/java-vuln-detection/slicing/output/CPG/c/cwe400_cpg/cwe400-340-cpg-resolved.bin	tc340_flow4	CWE400_Resource_Exhaustion__fscanf_fwrite_04.c	167	CWE400_Resource_Exhaustion__fscanf_fwrite_04.c	182
/home/swlab-jueon/swvul/tools/java-vuln-detection/slicing/output/CPG/c/cwe400_cpg/cwe400-340-cpg-resolved.bin	tc340_flow5	CWE400_Resource_Exhaustion__fscanf_fwrite_04.c	206	CWE400_Resource_Exhaustion__fscanf_fwrite_04.c	221
/home/swlab-jueon/swvul/tools/java-vuln-detection/slicing/output/CPG/c/cwe400_cpg/cwe400-341-cpg-resolved.bin	tc341_flow1	CWE400_Resource_Exhaustion__fscanf_fwrite_05.c	38	CWE400_Resource_Exhaustion__fscanf_fwrite_05.c	53
/home/swlab-jueon/swvul/tools/java-vuln-detection/slicing/output/CPG/c/cwe400_cpg/cwe400-341-cpg-resolved.bin	tc341_flow2	CWE400_Resource_Exhaustion__fscanf_fwrite_05.c	81	CWE400_Resource_Exhaustion__fscanf_fwrite_05.c	95
/home/swlab-jueon/swvul/tools/java-vuln-detection/slicing/output/CPG/c/cwe400_cpg/cwe400-341-cpg-resolved.bin	tc341_flow3	CWE400_Resource_Exhaustion__fscanf_fwrite_05.c	124	CWE400_Resource_Exhaustion__fscanf_fwrite_05.c	133
/home/swlab-jueon/swvul/tools/java-vuln-detection/slicing/output/CPG/c/cwe400_cpg/cwe400-341-cpg-resolved.bin	tc341_flow4	CWE400_Resource_Exhaustion__fscanf_fwrite_05.c	167	CWE400_Resource_Exhaustion__fscanf_fwrite_05.c	182
/home/swlab-jueon/swvul/tools/java-vuln-detection/slicing/output/CPG/c/cwe400_cpg/cwe400-341-cpg-resolved.bin	tc341_flow5	CWE400_Resource_Exhaustion__fscanf_fwrite_05.c	206	CWE400_Resource_Exhaustion__fscanf_fwrite_05.c	221
/home/swlab-jueon/swvul/tools/java-vuln-detection/slicing/output/CPG/c/cwe400_cpg/cwe400-342-cpg-resolved.bin	tc342_flow1	CWE400_Resource_Exhaustion__fscanf_fwrite_06.c	37	CWE400_Resource_Exhaustion__fscanf_fwrite_06.c	52
/home/swlab-jueon/swvul/tools/java-vuln-detection/slicing/output/CPG/c/cwe400_cpg/cwe400-342-cpg-resolved.bin	tc342_flow2	CWE400_Resource_Exhaustion__fscanf_fwrite_06.c	80	CWE400_Resource_Exhaustion__fscanf_fwrite_06.c	94
/home/swlab-jueon/swvul/tools/java-vuln-detection/slicing/output/CPG/c/cwe400_cpg/cwe400-342-cpg-resolved.bin	tc342_flow3	CWE400_Resource_Exhaustion__fscanf_fwrite_06.c	123	CWE400_Resource_Exhaustion__fscanf_fwrite_06.c	132
/home/swlab-jueon/swvul/tools/java-vuln-detection/slicing/output/CPG/c/cwe400_cpg/cwe400-342-cpg-resolved.bin	tc342_flow4	CWE400_Resource_Exhaustion__fscanf_fwrite_06.c	166	CWE400_Resource_Exhaustion__fscanf_fwrite_06.c	181
/home/swlab-jueon/swvul/tools/java-vuln-detection/slicing/output/CPG/c/cwe400_cpg/cwe400-342-cpg-resolved.bin	tc342_flow5	CWE400_Resource_Exhaustion__fscanf_fwrite_06.c	205	CWE400_Resource_Exhaustion__fscanf_fwrite_06.c	220
/home/swlab-jueon/swvul/tools/java-vuln-detection/slicing/output/CPG/c/cwe400_cpg/cwe400-343-cpg-resolved.bin	tc343_flow1	CWE400_Resource_Exhaustion__fscanf_fwrite_07.c	37	CWE400_Resource_Exhaustion__fscanf_fwrite_07.c	52
/home/swlab-jueon/swvul/tools/java-vuln-detection/slicing/output/CPG/c/cwe400_cpg/cwe400-343-cpg-resolved.bin	tc343_flow2	CWE400_Resource_Exhaustion__fscanf_fwrite_07.c	80	CWE400_Resource_Exhaustion__fscanf_fwrite_07.c	94
/home/swlab-jueon/swvul/tools/java-vuln-detection/slicing/output/CPG/c/cwe400_cpg/cwe400-343-cpg-resolved.bin	tc343_flow3	CWE400_Resource_Exhaustion__fscanf_fwrite_07.c	123	CWE400_Resource_Exhaustion__fscanf_fwrite_07.c	132
/home/swlab-jueon/swvul/tools/java-vuln-detection/slicing/output/CPG/c/cwe400_cpg/cwe400-343-cpg-resolved.bin	tc343_flow4	CWE400_Resource_Exhaustion__fscanf_fwrite_07.c	166	CWE400_Resource_Exhaustion__fscanf_fwrite_07.c	181
/home/swlab-jueon/swvul/tools/java-vuln-detection/slicing/output/CPG/c/cwe400_cpg/cwe400-343-cpg-resolved.bin	tc343_flow5	CWE400_Resource_Exhaustion__fscanf_fwrite_07.c	205	CWE400_Resource_Exhaustion__fscanf_fwrite_07.c	220
/home/swlab-jueon/swvul/tools/java-vuln-detection/slicing/output/CPG/c/cwe400_cpg/cwe400-344-cpg-resolved.bin	tc344_flow1	CWE400_Resource_Exhaustion__fscanf_fwrite_08.c	45	CWE400_Resource_Exhaustion__fscanf_fwrite_08.c	60
/home/swlab-jueon/swvul/tools/java-vuln-detection/slicing/output/CPG/c/cwe400_cpg/cwe400-344-cpg-resolved.bin	tc344_flow2	CWE400_Resource_Exhaustion__fscanf_fwrite_08.c	88	CWE400_Resource_Exhaustion__fscanf_fwrite_08.c	102
/home/swlab-jueon/swvul/tools/java-vuln-detection/slicing/output/CPG/c/cwe400_cpg/cwe400-344-cpg-resolved.bin	tc344_flow3	CWE400_Resource_Exhaustion__fscanf_fwrite_08.c	131	CWE400_Resource_Exhaustion__fscanf_fwrite_08.c	140
/home/swlab-jueon/swvul/tools/java-vuln-detection/slicing/output/CPG/c/cwe400_cpg/cwe400-344-cpg-resolved.bin	tc344_flow4	CWE400_Resource_Exhaustion__fscanf_fwrite_08.c	174	CWE400_Resource_Exhaustion__fscanf_fwrite_08.c	189
/home/swlab-jueon/swvul/tools/java-vuln-detection/slicing/output/CPG/c/cwe400_cpg/cwe400-344-cpg-resolved.bin	tc344_flow5	CWE400_Resource_Exhaustion__fscanf_fwrite_08.c	213	CWE400_Resource_Exhaustion__fscanf_fwrite_08.c	228
/home/swlab-jueon/swvul/tools/java-vuln-detection/slicing/output/CPG/c/cwe400_cpg/cwe400-345-cpg-resolved.bin	tc345_flow1	CWE400_Resource_Exhaustion__fscanf_fwrite_09.c	32	CWE400_Resource_Exhaustion__fscanf_fwrite_09.c	47
/home/swlab-jueon/swvul/tools/java-vuln-detection/slicing/output/CPG/c/cwe400_cpg/cwe400-345-cpg-resolved.bin	tc345_flow2	CWE400_Resource_Exhaustion__fscanf_fwrite_09.c	75	CWE400_Resource_Exhaustion__fscanf_fwrite_09.c	89
/home/swlab-jueon/swvul/tools/java-vuln-detection/slicing/output/CPG/c/cwe400_cpg/cwe400-345-cpg-resolved.bin	tc345_flow3	CWE400_Resource_Exhaustion__fscanf_fwrite_09.c	118	CWE400_Resource_Exhaustion__fscanf_fwrite_09.c	127
/home/swlab-jueon/swvul/tools/java-vuln-detection/slicing/output/CPG/c/cwe400_cpg/cwe400-345-cpg-resolved.bin	tc345_flow4	CWE400_Resource_Exhaustion__fscanf_fwrite_09.c	161	CWE400_Resource_Exhaustion__fscanf_fwrite_09.c	176
/home/swlab-jueon/swvul/tools/java-vuln-detection/slicing/output/CPG/c/cwe400_cpg/cwe400-345-cpg-resolved.bin	tc345_flow5	CWE400_Resource_Exhaustion__fscanf_fwrite_09.c	200	CWE400_Resource_Exhaustion__fscanf_fwrite_09.c	215
/home/swlab-jueon/swvul/tools/java-vuln-detection/slicing/output/CPG/c/cwe400_cpg/cwe400-346-cpg-resolved.bin	tc346_flow1	CWE400_Resource_Exhaustion__fscanf_fwrite_10.c	32	CWE400_Resource_Exhaustion__fscanf_fwrite_10.c	47
/home/swlab-jueon/swvul/tools/java-vuln-detection/slicing/output/CPG/c/cwe400_cpg/cwe400-346-cpg-resolved.bin	tc346_flow2	CWE400_Resource_Exhaustion__fscanf_fwrite_10.c	75	CWE400_Resource_Exhaustion__fscanf_fwrite_10.c	89
/home/swlab-jueon/swvul/tools/java-vuln-detection/slicing/output/CPG/c/cwe400_cpg/cwe400-346-cpg-resolved.bin	tc346_flow3	CWE400_Resource_Exhaustion__fscanf_fwrite_10.c	118	CWE400_Resource_Exhaustion__fscanf_fwrite_10.c	127
/home/swlab-jueon/swvul/tools/java-vuln-detection/slicing/output/CPG/c/cwe400_cpg/cwe400-346-cpg-resolved.bin	tc346_flow4	CWE400_Resource_Exhaustion__fscanf_fwrite_10.c	161	CWE400_Resource_Exhaustion__fscanf_fwrite_10.c	176
/home/swlab-jueon/swvul/tools/java-vuln-detection/slicing/output/CPG/c/cwe400_cpg/cwe400-346-cpg-resolved.bin	tc346_flow5	CWE400_Resource_Exhaustion__fscanf_fwrite_10.c	200	CWE400_Resource_Exhaustion__fscanf_fwrite_10.c	215
/home/swlab-jueon/swvul/tools/java-vuln-detection/slicing/output/CPG/c/cwe400_cpg/cwe400-347-cpg-resolved.bin	tc347_flow1	CWE400_Resource_Exhaustion__fscanf_fwrite_11.c	32	CWE400_Resource_Exhaustion__fscanf_fwrite_11.c	47
/home/swlab-jueon/swvul/tools/java-vuln-detection/slicing/output/CPG/c/cwe400_cpg/cwe400-347-cpg-resolved.bin	tc347_flow2	CWE400_Resource_Exhaustion__fscanf_fwrite_11.c	75	CWE400_Resource_Exhaustion__fscanf_fwrite_11.c	89
/home/swlab-jueon/swvul/tools/java-vuln-detection/slicing/output/CPG/c/cwe400_cpg/cwe400-347-cpg-resolved.bin	tc347_flow3	CWE400_Resource_Exhaustion__fscanf_fwrite_11.c	118	CWE400_Resource_Exhaustion__fscanf_fwrite_11.c	127
/home/swlab-jueon/swvul/tools/java-vuln-detection/slicing/output/CPG/c/cwe400_cpg/cwe400-347-cpg-resolved.bin	tc347_flow4	CWE400_Resource_Exhaustion__fscanf_fwrite_11.c	161	CWE400_Resource_Exhaustion__fscanf_fwrite_11.c	176
/home/swlab-jueon/swvul/tools/java-vuln-detection/slicing/output/CPG/c/cwe400_cpg/cwe400-347-cpg-resolved.bin	tc347_flow5	CWE400_Resource_Exhaustion__fscanf_fwrite_11.c	200	CWE400_Resource_Exhaustion__fscanf_fwrite_11.c	215
/home/swlab-jueon/swvul/tools/java-vuln-detection/slicing/output/CPG/c/cwe400_cpg/cwe400-348-cpg-resolved.bin	tc348_flow2	CWE400_Resource_Exhaustion__fscanf_fwrite_12.c	107	CWE400_Resource_Exhaustion__fscanf_fwrite_12.c	146
/home/swlab-jueon/swvul/tools/java-vuln-detection/slicing/output/CPG/c/cwe400_cpg/cwe400-348-cpg-resolved.bin	tc348_flow3	CWE400_Resource_Exhaustion__fscanf_fwrite_12.c	177	CWE400_Resource_Exhaustion__fscanf_fwrite_12.c	223
/home/swlab-jueon/swvul/tools/java-vuln-detection/slicing/output/CPG/c/cwe400_cpg/cwe400-349-cpg-resolved.bin	tc349_flow1	CWE400_Resource_Exhaustion__fscanf_fwrite_13.c	32	CWE400_Resource_Exhaustion__fscanf_fwrite_13.c	47
/home/swlab-jueon/swvul/tools/java-vuln-detection/slicing/output/CPG/c/cwe400_cpg/cwe400-349-cpg-resolved.bin	tc349_flow2	CWE400_Resource_Exhaustion__fscanf_fwrite_13.c	75	CWE400_Resource_Exhaustion__fscanf_fwrite_13.c	89
/home/swlab-jueon/swvul/tools/java-vuln-detection/slicing/output/CPG/c/cwe400_cpg/cwe400-349-cpg-resolved.bin	tc349_flow3	CWE400_Resource_Exhaustion__fscanf_fwrite_13.c	118	CWE400_Resource_Exhaustion__fscanf_fwrite_13.c	127
/home/swlab-jueon/swvul/tools/java-vuln-detection/slicing/output/CPG/c/cwe400_cpg/cwe400-349-cpg-resolved.bin	tc349_flow4	CWE400_Resource_Exhaustion__fscanf_fwrite_13.c	161	CWE400_Resource_Exhaustion__fscanf_fwrite_13.c	176
/home/swlab-jueon/swvul/tools/java-vuln-detection/slicing/output/CPG/c/cwe400_cpg/cwe400-349-cpg-resolved.bin	tc349_flow5	CWE400_Resource_Exhaustion__fscanf_fwrite_13.c	200	CWE400_Resource_Exhaustion__fscanf_fwrite_13.c	215
/home/swlab-jueon/swvul/tools/java-vuln-detection/slicing/output/CPG/c/cwe400_cpg/cwe400-350-cpg-resolved.bin	tc350_flow1	CWE400_Resource_Exhaustion__fscanf_fwrite_14.c	32	CWE400_Resource_Exhaustion__fscanf_fwrite_14.c	47
/home/swlab-jueon/swvul/tools/java-vuln-detection/slicing/output/CPG/c/cwe400_cpg/cwe400-350-cpg-resolved.bin	tc350_flow2	CWE400_Resource_Exhaustion__fscanf_fwrite_14.c	75	CWE400_Resource_Exhaustion__fscanf_fwrite_14.c	89
/home/swlab-jueon/swvul/tools/java-vuln-detection/slicing/output/CPG/c/cwe400_cpg/cwe400-350-cpg-resolved.bin	tc350_flow3	CWE400_Resource_Exhaustion__fscanf_fwrite_14.c	118	CWE400_Resource_Exhaustion__fscanf_fwrite_14.c	127
/home/swlab-jueon/swvul/tools/java-vuln-detection/slicing/output/CPG/c/cwe400_cpg/cwe400-350-cpg-resolved.bin	tc350_flow4	CWE400_Resource_Exhaustion__fscanf_fwrite_14.c	161	CWE400_Resource_Exhaustion__fscanf_fwrite_14.c	176
/home/swlab-jueon/swvul/tools/java-vuln-detection/slicing/output/CPG/c/cwe400_cpg/cwe400-350-cpg-resolved.bin	tc350_flow5	CWE400_Resource_Exhaustion__fscanf_fwrite_14.c	200	CWE400_Resource_Exhaustion__fscanf_fwrite_14.c	215
/home/swlab-jueon/swvul/tools/java-vuln-detection/slicing/output/CPG/c/cwe400_cpg/cwe400-351-cpg-resolved.bin	tc351_flow1	CWE400_Resource_Exhaustion__fscanf_fwrite_15.c	33	CWE400_Resource_Exhaustion__fscanf_fwrite_15.c	54
/home/swlab-jueon/swvul/tools/java-vuln-detection/slicing/output/CPG/c/cwe400_cpg/cwe400-351-cpg-resolved.bin	tc351_flow2	CWE400_Resource_Exhaustion__fscanf_fwrite_15.c	88	CWE400_Resource_Exhaustion__fscanf_fwrite_15.c	107
/home/swlab-jueon/swvul/tools/java-vuln-detection/slicing/output/CPG/c/cwe400_cpg/cwe400-351-cpg-resolved.bin	tc351_flow3	CWE400_Resource_Exhaustion__fscanf_fwrite_15.c	138	CWE400_Resource_Exhaustion__fscanf_fwrite_15.c	153
/home/swlab-jueon/swvul/tools/java-vuln-detection/slicing/output/CPG/c/cwe400_cpg/cwe400-351-cpg-resolved.bin	tc351_flow4	CWE400_Resource_Exhaustion__fscanf_fwrite_15.c	192	CWE400_Resource_Exhaustion__fscanf_fwrite_15.c	209
/home/swlab-jueon/swvul/tools/java-vuln-detection/slicing/output/CPG/c/cwe400_cpg/cwe400-351-cpg-resolved.bin	tc351_flow5	CWE400_Resource_Exhaustion__fscanf_fwrite_15.c	239	CWE400_Resource_Exhaustion__fscanf_fwrite_15.c	260
/home/swlab-jueon/swvul/tools/java-vuln-detection/slicing/output/CPG/c/cwe400_cpg/cwe400-352-cpg-resolved.bin	tc352_flow1	CWE400_Resource_Exhaustion__fscanf_fwrite_16.c	32	CWE400_Resource_Exhaustion__fscanf_fwrite_16.c	48
/home/swlab-jueon/swvul/tools/java-vuln-detection/slicing/output/CPG/c/cwe400_cpg/cwe400-352-cpg-resolved.bin	tc352_flow2	CWE400_Resource_Exhaustion__fscanf_fwrite_16.c	77	CWE400_Resource_Exhaustion__fscanf_fwrite_16.c	87
/home/swlab-jueon/swvul/tools/java-vuln-detection/slicing/output/CPG/c/cwe400_cpg/cwe400-352-cpg-resolved.bin	tc352_flow3	CWE400_Resource_Exhaustion__fscanf_fwrite_16.c	117	CWE400_Resource_Exhaustion__fscanf_fwrite_16.c	133
/home/swlab-jueon/swvul/tools/java-vuln-detection/slicing/output/CPG/c/cwe400_cpg/cwe400-353-cpg-resolved.bin	tc353_flow1	CWE400_Resource_Exhaustion__fscanf_fwrite_17.c	33	CWE400_Resource_Exhaustion__fscanf_fwrite_17.c	48
/home/swlab-jueon/swvul/tools/java-vuln-detection/slicing/output/CPG/c/cwe400_cpg/cwe400-353-cpg-resolved.bin	tc353_flow2	CWE400_Resource_Exhaustion__fscanf_fwrite_17.c	77	CWE400_Resource_Exhaustion__fscanf_fwrite_17.c	86
/home/swlab-jueon/swvul/tools/java-vuln-detection/slicing/output/CPG/c/cwe400_cpg/cwe400-353-cpg-resolved.bin	tc353_flow3	CWE400_Resource_Exhaustion__fscanf_fwrite_17.c	116	CWE400_Resource_Exhaustion__fscanf_fwrite_17.c	131
/home/swlab-jueon/swvul/tools/java-vuln-detection/slicing/output/CPG/c/cwe400_cpg/cwe400-354-cpg-resolved.bin	tc354_flow1	CWE400_Resource_Exhaustion__fscanf_fwrite_18.c	32	CWE400_Resource_Exhaustion__fscanf_fwrite_18.c	46
/home/swlab-jueon/swvul/tools/java-vuln-detection/slicing/output/CPG/c/cwe400_cpg/cwe400-354-cpg-resolved.bin	tc354_flow2	CWE400_Resource_Exhaustion__fscanf_fwrite_18.c	73	CWE400_Resource_Exhaustion__fscanf_fwrite_18.c	81
/home/swlab-jueon/swvul/tools/java-vuln-detection/slicing/output/CPG/c/cwe400_cpg/cwe400-354-cpg-resolved.bin	tc354_flow3	CWE400_Resource_Exhaustion__fscanf_fwrite_18.c	109	CWE400_Resource_Exhaustion__fscanf_fwrite_18.c	123
/home/swlab-jueon/swvul/tools/java-vuln-detection/slicing/output/CPG/c/cwe400_cpg/cwe400-355-cpg-resolved.bin	tc355_flow1	CWE400_Resource_Exhaustion__fscanf_fwrite_21.c	63	CWE400_Resource_Exhaustion__fscanf_fwrite_21.c	42
/home/swlab-jueon/swvul/tools/java-vuln-detection/slicing/output/CPG/c/cwe400_cpg/cwe400-355-cpg-resolved.bin	tc355_flow2	CWE400_Resource_Exhaustion__fscanf_fwrite_21.c	118	CWE400_Resource_Exhaustion__fscanf_fwrite_21.c	92
/home/swlab-jueon/swvul/tools/java-vuln-detection/slicing/output/CPG/c/cwe400_cpg/cwe400-355-cpg-resolved.bin	tc355_flow3	CWE400_Resource_Exhaustion__fscanf_fwrite_21.c	159	CWE400_Resource_Exhaustion__fscanf_fwrite_21.c	133
/home/swlab-jueon/swvul/tools/java-vuln-detection/slicing/output/CPG/c/cwe400_cpg/cwe400-355-cpg-resolved.bin	tc355_flow4	CWE400_Resource_Exhaustion__fscanf_fwrite_21.c	201	CWE400_Resource_Exhaustion__fscanf_fwrite_21.c	180
/home/swlab-jueon/swvul/tools/java-vuln-detection/slicing/output/CPG/c/cwe400_cpg/cwe400-357-cpg-resolved.bin	tc357_flow1	CWE400_Resource_Exhaustion__fscanf_fwrite_31.c	30	CWE400_Resource_Exhaustion__fscanf_fwrite_31.c	45
/home/swlab-jueon/swvul/tools/java-vuln-detection/slicing/output/CPG/c/cwe400_cpg/cwe400-357-cpg-resolved.bin	tc357_flow2	CWE400_Resource_Exhaustion__fscanf_fwrite_31.c	108	CWE400_Resource_Exhaustion__fscanf_fwrite_31.c	117
/home/swlab-jueon/swvul/tools/java-vuln-detection/slicing/output/CPG/c/cwe400_cpg/cwe400-357-cpg-resolved.bin	tc357_flow3	CWE400_Resource_Exhaustion__fscanf_fwrite_31.c	71	CWE400_Resource_Exhaustion__fscanf_fwrite_31.c	86
/home/swlab-jueon/swvul/tools/java-vuln-detection/slicing/output/CPG/c/cwe400_cpg/cwe400-358-cpg-resolved.bin	tc358_flow1	CWE400_Resource_Exhaustion__fscanf_fwrite_32.c	34	CWE400_Resource_Exhaustion__fscanf_fwrite_32.c	50
/home/swlab-jueon/swvul/tools/java-vuln-detection/slicing/output/CPG/c/cwe400_cpg/cwe400-358-cpg-resolved.bin	tc358_flow2	CWE400_Resource_Exhaustion__fscanf_fwrite_32.c	122	CWE400_Resource_Exhaustion__fscanf_fwrite_32.c	132
/home/swlab-jueon/swvul/tools/java-vuln-detection/slicing/output/CPG/c/cwe400_cpg/cwe400-358-cpg-resolved.bin	tc358_flow3	CWE400_Resource_Exhaustion__fscanf_fwrite_32.c	80	CWE400_Resource_Exhaustion__fscanf_fwrite_32.c	96
/home/swlab-jueon/swvul/tools/java-vuln-detection/slicing/output/CPG/c/cwe400_cpg/cwe400-359-cpg-resolved.bin	tc359_flow1	CWE400_Resource_Exhaustion__fscanf_fwrite_33.cpp	34	CWE400_Resource_Exhaustion__fscanf_fwrite_33.cpp	48
/home/swlab-jueon/swvul/tools/java-vuln-detection/slicing/output/CPG/c/cwe400_cpg/cwe400-359-cpg-resolved.bin	tc359_flow2	CWE400_Resource_Exhaustion__fscanf_fwrite_33.cpp	112	CWE400_Resource_Exhaustion__fscanf_fwrite_33.cpp	120
/home/swlab-jueon/swvul/tools/java-vuln-detection/slicing/output/CPG/c/cwe400_cpg/cwe400-359-cpg-resolved.bin	tc359_flow3	CWE400_Resource_Exhaustion__fscanf_fwrite_33.cpp	75	CWE400_Resource_Exhaustion__fscanf_fwrite_33.cpp	89
/home/swlab-jueon/swvul/tools/java-vuln-detection/slicing/output/CPG/c/cwe400_cpg/cwe400-360-cpg-resolved.bin	tc360_flow1	CWE400_Resource_Exhaustion__fscanf_fwrite_34.c	37	CWE400_Resource_Exhaustion__fscanf_fwrite_34.c	52
/home/swlab-jueon/swvul/tools/java-vuln-detection/slicing/output/CPG/c/cwe400_cpg/cwe400-360-cpg-resolved.bin	tc360_flow2	CWE400_Resource_Exhaustion__fscanf_fwrite_34.c	117	CWE400_Resource_Exhaustion__fscanf_fwrite_34.c	126
/home/swlab-jueon/swvul/tools/java-vuln-detection/slicing/output/CPG/c/cwe400_cpg/cwe400-360-cpg-resolved.bin	tc360_flow3	CWE400_Resource_Exhaustion__fscanf_fwrite_34.c	79	CWE400_Resource_Exhaustion__fscanf_fwrite_34.c	94
/home/swlab-jueon/swvul/tools/java-vuln-detection/slicing/output/CPG/c/cwe400_cpg/cwe400-361-cpg-resolved.bin	tc361_flow1	CWE400_Resource_Exhaustion__fscanf_fwrite_41.c	57	CWE400_Resource_Exhaustion__fscanf_fwrite_41.c	37
/home/swlab-jueon/swvul/tools/java-vuln-detection/slicing/output/CPG/c/cwe400_cpg/cwe400-361-cpg-resolved.bin	tc361_flow2	CWE400_Resource_Exhaustion__fscanf_fwrite_41.c	136	CWE400_Resource_Exhaustion__fscanf_fwrite_41.c	111
/home/swlab-jueon/swvul/tools/java-vuln-detection/slicing/output/CPG/c/cwe400_cpg/cwe400-361-cpg-resolved.bin	tc361_flow3	CWE400_Resource_Exhaustion__fscanf_fwrite_41.c	99	CWE400_Resource_Exhaustion__fscanf_fwrite_41.c	79
/home/swlab-jueon/swvul/tools/java-vuln-detection/slicing/output/CPG/c/cwe400_cpg/cwe400-362-cpg-resolved.bin	tc362_flow2	CWE400_Resource_Exhaustion__fscanf_fwrite_42.c	109	CWE400_Resource_Exhaustion__fscanf_fwrite_42.c	124
/home/swlab-jueon/swvul/tools/java-vuln-detection/slicing/output/CPG/c/cwe400_cpg/cwe400-362-cpg-resolved.bin	tc362_flow3	CWE400_Resource_Exhaustion__fscanf_fwrite_42.c	70	CWE400_Resource_Exhaustion__fscanf_fwrite_42.c	91
/home/swlab-jueon/swvul/tools/java-vuln-detection/slicing/output/CPG/c/cwe400_cpg/cwe400-363-cpg-resolved.bin	tc363_flow1	CWE400_Resource_Exhaustion__fscanf_fwrite_43.cpp	30	CWE400_Resource_Exhaustion__fscanf_fwrite_43.cpp	50
/home/swlab-jueon/swvul/tools/java-vuln-detection/slicing/output/CPG/c/cwe400_cpg/cwe400-363-cpg-resolved.bin	tc363_flow2	CWE400_Resource_Exhaustion__fscanf_fwrite_43.cpp	110	CWE400_Resource_Exhaustion__fscanf_fwrite_43.cpp	124
/home/swlab-jueon/swvul/tools/java-vuln-detection/slicing/output/CPG/c/cwe400_cpg/cwe400-363-cpg-resolved.bin	tc363_flow3	CWE400_Resource_Exhaustion__fscanf_fwrite_43.cpp	72	CWE400_Resource_Exhaustion__fscanf_fwrite_43.cpp	92
/home/swlab-jueon/swvul/tools/java-vuln-detection/slicing/output/CPG/c/cwe400_cpg/cwe400-364-cpg-resolved.bin	tc364_flow1	CWE400_Resource_Exhaustion__fscanf_fwrite_44.c	59	CWE400_Resource_Exhaustion__fscanf_fwrite_44.c	37
/home/swlab-jueon/swvul/tools/java-vuln-detection/slicing/output/CPG/c/cwe400_cpg/cwe400-364-cpg-resolved.bin	tc364_flow2	CWE400_Resource_Exhaustion__fscanf_fwrite_44.c	141	CWE400_Resource_Exhaustion__fscanf_fwrite_44.c	115
/home/swlab-jueon/swvul/tools/java-vuln-detection/slicing/output/CPG/c/cwe400_cpg/cwe400-364-cpg-resolved.bin	tc364_flow3	CWE400_Resource_Exhaustion__fscanf_fwrite_44.c	103	CWE400_Resource_Exhaustion__fscanf_fwrite_44.c	82
/home/swlab-jueon/swvul/tools/java-vuln-detection/slicing/output/CPG/c/cwe400_cpg/cwe400-365-cpg-resolved.bin	tc365_flow1	CWE400_Resource_Exhaustion__fscanf_fwrite_45.c	62	CWE400_Resource_Exhaustion__fscanf_fwrite_45.c	42
/home/swlab-jueon/swvul/tools/java-vuln-detection/slicing/output/CPG/c/cwe400_cpg/cwe400-365-cpg-resolved.bin	tc365_flow2	CWE400_Resource_Exhaustion__fscanf_fwrite_45.c	145	CWE400_Resource_Exhaustion__fscanf_fwrite_45.c	120
/home/swlab-jueon/swvul/tools/java-vuln-detection/slicing/output/CPG/c/cwe400_cpg/cwe400-365-cpg-resolved.bin	tc365_flow3	CWE400_Resource_Exhaustion__fscanf_fwrite_45.c	106	CWE400_Resource_Exhaustion__fscanf_fwrite_45.c	86
/home/swlab-jueon/swvul/tools/java-vuln-detection/slicing/output/CPG/c/cwe400_cpg/cwe400-370-cpg-resolved.bin	tc370_flow2	CWE400_Resource_Exhaustion__fscanf_fwrite_61b.c	47	CWE400_Resource_Exhaustion__fscanf_fwrite_61a.c	110
/home/swlab-jueon/swvul/tools/java-vuln-detection/slicing/output/CPG/c/cwe400_cpg/cwe400-370-cpg-resolved.bin	tc370_flow3	CWE400_Resource_Exhaustion__fscanf_fwrite_61b.c	39	CWE400_Resource_Exhaustion__fscanf_fwrite_61a.c	82
/home/swlab-jueon/swvul/tools/java-vuln-detection/slicing/output/CPG/c/cwe400_cpg/cwe400-371-cpg-resolved.bin	tc371_flow1	CWE400_Resource_Exhaustion__fscanf_fwrite_62b.cpp	28	CWE400_Resource_Exhaustion__fscanf_fwrite_62a.cpp	47
/home/swlab-jueon/swvul/tools/java-vuln-detection/slicing/output/CPG/c/cwe400_cpg/cwe400-371-cpg-resolved.bin	tc371_flow2	CWE400_Resource_Exhaustion__fscanf_fwrite_62b.cpp	46	CWE400_Resource_Exhaustion__fscanf_fwrite_62a.cpp	113
/home/swlab-jueon/swvul/tools/java-vuln-detection/slicing/output/CPG/c/cwe400_cpg/cwe400-371-cpg-resolved.bin	tc371_flow3	CWE400_Resource_Exhaustion__fscanf_fwrite_62b.cpp	39	CWE400_Resource_Exhaustion__fscanf_fwrite_62a.cpp	85
/home/swlab-jueon/swvul/tools/java-vuln-detection/slicing/output/CPG/c/cwe400_cpg/cwe400-378-cpg-resolved.bin	tc378_flow1	CWE400_Resource_Exhaustion__fscanf_fwrite_72a.cpp	38	CWE400_Resource_Exhaustion__fscanf_fwrite_72b.cpp	45
/home/swlab-jueon/swvul/tools/java-vuln-detection/slicing/output/CPG/c/cwe400_cpg/cwe400-378-cpg-resolved.bin	tc378_flow2	CWE400_Resource_Exhaustion__fscanf_fwrite_72a.cpp	78	CWE400_Resource_Exhaustion__fscanf_fwrite_72b.cpp	101
/home/swlab-jueon/swvul/tools/java-vuln-detection/slicing/output/CPG/c/cwe400_cpg/cwe400-378-cpg-resolved.bin	tc378_flow3	CWE400_Resource_Exhaustion__fscanf_fwrite_72a.cpp	60	CWE400_Resource_Exhaustion__fscanf_fwrite_72b.cpp	78
/home/swlab-jueon/swvul/tools/java-vuln-detection/slicing/output/CPG/c/cwe400_cpg/cwe400-379-cpg-resolved.bin	tc379_flow1	CWE400_Resource_Exhaustion__fscanf_fwrite_73a.cpp	38	CWE400_Resource_Exhaustion__fscanf_fwrite_73b.cpp	45
/home/swlab-jueon/swvul/tools/java-vuln-detection/slicing/output/CPG/c/cwe400_cpg/cwe400-379-cpg-resolved.bin	tc379_flow2	CWE400_Resource_Exhaustion__fscanf_fwrite_73a.cpp	78	CWE400_Resource_Exhaustion__fscanf_fwrite_73b.cpp	101
/home/swlab-jueon/swvul/tools/java-vuln-detection/slicing/output/CPG/c/cwe400_cpg/cwe400-379-cpg-resolved.bin	tc379_flow3	CWE400_Resource_Exhaustion__fscanf_fwrite_73a.cpp	60	CWE400_Resource_Exhaustion__fscanf_fwrite_73b.cpp	78
/home/swlab-jueon/swvul/tools/java-vuln-detection/slicing/output/CPG/c/cwe400_cpg/cwe400-380-cpg-resolved.bin	tc380_flow1	CWE400_Resource_Exhaustion__fscanf_fwrite_74a.cpp	38	CWE400_Resource_Exhaustion__fscanf_fwrite_74b.cpp	45
/home/swlab-jueon/swvul/tools/java-vuln-detection/slicing/output/CPG/c/cwe400_cpg/cwe400-380-cpg-resolved.bin	tc380_flow2	CWE400_Resource_Exhaustion__fscanf_fwrite_74a.cpp	78	CWE400_Resource_Exhaustion__fscanf_fwrite_74b.cpp	101
/home/swlab-jueon/swvul/tools/java-vuln-detection/slicing/output/CPG/c/cwe400_cpg/cwe400-380-cpg-resolved.bin	tc380_flow3	CWE400_Resource_Exhaustion__fscanf_fwrite_74a.cpp	60	CWE400_Resource_Exhaustion__fscanf_fwrite_74b.cpp	78
/home/swlab-jueon/swvul/tools/java-vuln-detection/slicing/output/CPG/c/cwe400_cpg/cwe400-381-cpg-resolved.bin	tc381_flow1	CWE400_Resource_Exhaustion__fscanf_fwrite_81a.cpp	32	CWE400_Resource_Exhaustion__fscanf_fwrite_81_bad.cpp	40
/home/swlab-jueon/swvul/tools/java-vuln-detection/slicing/output/CPG/c/cwe400_cpg/cwe400-381-cpg-resolved.bin	tc381_flow2	CWE400_Resource_Exhaustion__fscanf_fwrite_81a.cpp	60	CWE400_Resource_Exhaustion__fscanf_fwrite_81_goodB2G.cpp	34
/home/swlab-jueon/swvul/tools/java-vuln-detection/slicing/output/CPG/c/cwe400_cpg/cwe400-381-cpg-resolved.bin	tc381_flow3	CWE400_Resource_Exhaustion__fscanf_fwrite_81a.cpp	48	CWE400_Resource_Exhaustion__fscanf_fwrite_81_goodG2B.cpp	40
/home/swlab-jueon/swvul/tools/java-vuln-detection/slicing/output/CPG/c/cwe400_cpg/cwe400-382-cpg-resolved.bin	tc382_flow1	CWE400_Resource_Exhaustion__fscanf_fwrite_82a.cpp	32	CWE400_Resource_Exhaustion__fscanf_fwrite_82_bad.cpp	40
/home/swlab-jueon/swvul/tools/java-vuln-detection/slicing/output/CPG/c/cwe400_cpg/cwe400-382-cpg-resolved.bin	tc382_flow2	CWE400_Resource_Exhaustion__fscanf_fwrite_82a.cpp	62	CWE400_Resource_Exhaustion__fscanf_fwrite_82_goodB2G.cpp	34
/home/swlab-jueon/swvul/tools/java-vuln-detection/slicing/output/CPG/c/cwe400_cpg/cwe400-382-cpg-resolved.bin	tc382_flow3	CWE400_Resource_Exhaustion__fscanf_fwrite_82a.cpp	49	CWE400_Resource_Exhaustion__fscanf_fwrite_82_goodG2B.cpp	40
/home/swlab-jueon/swvul/tools/java-vuln-detection/slicing/output/CPG/c/cwe400_cpg/cwe400-385-cpg-resolved.bin	tc385_flow1	CWE400_Resource_Exhaustion__fscanf_sleep_01.c	36	CWE400_Resource_Exhaustion__fscanf_sleep_01.c	38
/home/swlab-jueon/swvul/tools/java-vuln-detection/slicing/output/CPG/c/cwe400_cpg/cwe400-385-cpg-resolved.bin	tc385_flow2	CWE400_Resource_Exhaustion__fscanf_sleep_01.c	66	CWE400_Resource_Exhaustion__fscanf_sleep_01.c	68
/home/swlab-jueon/swvul/tools/java-vuln-detection/slicing/output/CPG/c/cwe400_cpg/cwe400-385-cpg-resolved.bin	tc385_flow3	CWE400_Resource_Exhaustion__fscanf_sleep_01.c	53	CWE400_Resource_Exhaustion__fscanf_sleep_01.c	55
/home/swlab-jueon/swvul/tools/java-vuln-detection/slicing/output/CPG/c/cwe400_cpg/cwe400-386-cpg-resolved.bin	tc386_flow1	CWE400_Resource_Exhaustion__fscanf_sleep_02.c	38	CWE400_Resource_Exhaustion__fscanf_sleep_02.c	43
/home/swlab-jueon/swvul/tools/java-vuln-detection/slicing/output/CPG/c/cwe400_cpg/cwe400-386-cpg-resolved.bin	tc386_flow2	CWE400_Resource_Exhaustion__fscanf_sleep_02.c	61	CWE400_Resource_Exhaustion__fscanf_sleep_02.c	71
/home/swlab-jueon/swvul/tools/java-vuln-detection/slicing/output/CPG/c/cwe400_cpg/cwe400-386-cpg-resolved.bin	tc386_flow3	CWE400_Resource_Exhaustion__fscanf_sleep_02.c	92	CWE400_Resource_Exhaustion__fscanf_sleep_02.c	97
/home/swlab-jueon/swvul/tools/java-vuln-detection/slicing/output/CPG/c/cwe400_cpg/cwe400-386-cpg-resolved.bin	tc386_flow4	CWE400_Resource_Exhaustion__fscanf_sleep_02.c	123	CWE400_Resource_Exhaustion__fscanf_sleep_02.c	128
/home/swlab-jueon/swvul/tools/java-vuln-detection/slicing/output/CPG/c/cwe400_cpg/cwe400-386-cpg-resolved.bin	tc386_flow5	CWE400_Resource_Exhaustion__fscanf_sleep_02.c	142	CWE400_Resource_Exhaustion__fscanf_sleep_02.c	147
/home/swlab-jueon/swvul/tools/java-vuln-detection/slicing/output/CPG/c/cwe400_cpg/cwe400-387-cpg-resolved.bin	tc387_flow1	CWE400_Resource_Exhaustion__fscanf_sleep_03.c	38	CWE400_Resource_Exhaustion__fscanf_sleep_03.c	43
/home/swlab-jueon/swvul/tools/java-vuln-detection/slicing/output/CPG/c/cwe400_cpg/cwe400-387-cpg-resolved.bin	tc387_flow2	CWE400_Resource_Exhaustion__fscanf_sleep_03.c	61	CWE400_Resource_Exhaustion__fscanf_sleep_03.c	71
/home/swlab-jueon/swvul/tools/java-vuln-detection/slicing/output/CPG/c/cwe400_cpg/cwe400-387-cpg-resolved.bin	tc387_flow3	CWE400_Resource_Exhaustion__fscanf_sleep_03.c	92	CWE400_Resource_Exhaustion__fscanf_sleep_03.c	97
/home/swlab-jueon/swvul/tools/java-vuln-detection/slicing/output/CPG/c/cwe400_cpg/cwe400-387-cpg-resolved.bin	tc387_flow4	CWE400_Resource_Exhaustion__fscanf_sleep_03.c	123	CWE400_Resource_Exhaustion__fscanf_sleep_03.c	128
/home/swlab-jueon/swvul/tools/java-vuln-detection/slicing/output/CPG/c/cwe400_cpg/cwe400-387-cpg-resolved.bin	tc387_flow5	CWE400_Resource_Exhaustion__fscanf_sleep_03.c	142	CWE400_Resource_Exhaustion__fscanf_sleep_03.c	147
/home/swlab-jueon/swvul/tools/java-vuln-detection/slicing/output/CPG/c/cwe400_cpg/cwe400-388-cpg-resolved.bin	tc388_flow1	CWE400_Resource_Exhaustion__fscanf_sleep_04.c	44	CWE400_Resource_Exhaustion__fscanf_sleep_04.c	49
/home/swlab-jueon/swvul/tools/java-vuln-detection/slicing/output/CPG/c/cwe400_cpg/cwe400-388-cpg-resolved.bin	tc388_flow2	CWE400_Resource_Exhaustion__fscanf_sleep_04.c	67	CWE400_Resource_Exhaustion__fscanf_sleep_04.c	77
/home/swlab-jueon/swvul/tools/java-vuln-detection/slicing/output/CPG/c/cwe400_cpg/cwe400-388-cpg-resolved.bin	tc388_flow3	CWE400_Resource_Exhaustion__fscanf_sleep_04.c	98	CWE400_Resource_Exhaustion__fscanf_sleep_04.c	103
/home/swlab-jueon/swvul/tools/java-vuln-detection/slicing/output/CPG/c/cwe400_cpg/cwe400-388-cpg-resolved.bin	tc388_flow4	CWE400_Resource_Exhaustion__fscanf_sleep_04.c	129	CWE400_Resource_Exhaustion__fscanf_sleep_04.c	134
/home/swlab-jueon/swvul/tools/java-vuln-detection/slicing/output/CPG/c/cwe400_cpg/cwe400-388-cpg-resolved.bin	tc388_flow5	CWE400_Resource_Exhaustion__fscanf_sleep_04.c	148	CWE400_Resource_Exhaustion__fscanf_sleep_04.c	153
/home/swlab-jueon/swvul/tools/java-vuln-detection/slicing/output/CPG/c/cwe400_cpg/cwe400-389-cpg-resolved.bin	tc389_flow1	CWE400_Resource_Exhaustion__fscanf_sleep_05.c	44	CWE400_Resource_Exhaustion__fscanf_sleep_05.c	49
/home/swlab-jueon/swvul/tools/java-vuln-detection/slicing/output/CPG/c/cwe400_cpg/cwe400-389-cpg-resolved.bin	tc389_flow2	CWE400_Resource_Exhaustion__fscanf_sleep_05.c	67	CWE400_Resource_Exhaustion__fscanf_sleep_05.c	77
/home/swlab-jueon/swvul/tools/java-vuln-detection/slicing/output/CPG/c/cwe400_cpg/cwe400-389-cpg-resolved.bin	tc389_flow3	CWE400_Resource_Exhaustion__fscanf_sleep_05.c	98	CWE400_Resource_Exhaustion__fscanf_sleep_05.c	103
/home/swlab-jueon/swvul/tools/java-vuln-detection/slicing/output/CPG/c/cwe400_cpg/cwe400-389-cpg-resolved.bin	tc389_flow4	CWE400_Resource_Exhaustion__fscanf_sleep_05.c	129	CWE400_Resource_Exhaustion__fscanf_sleep_05.c	134
/home/swlab-jueon/swvul/tools/java-vuln-detection/slicing/output/CPG/c/cwe400_cpg/cwe400-389-cpg-resolved.bin	tc389_flow5	CWE400_Resource_Exhaustion__fscanf_sleep_05.c	148	CWE400_Resource_Exhaustion__fscanf_sleep_05.c	153
/home/swlab-jueon/swvul/tools/java-vuln-detection/slicing/output/CPG/c/cwe400_cpg/cwe400-390-cpg-resolved.bin	tc390_flow1	CWE400_Resource_Exhaustion__fscanf_sleep_06.c	43	CWE400_Resource_Exhaustion__fscanf_sleep_06.c	48
/home/swlab-jueon/swvul/tools/java-vuln-detection/slicing/output/CPG/c/cwe400_cpg/cwe400-390-cpg-resolved.bin	tc390_flow2	CWE400_Resource_Exhaustion__fscanf_sleep_06.c	66	CWE400_Resource_Exhaustion__fscanf_sleep_06.c	76
/home/swlab-jueon/swvul/tools/java-vuln-detection/slicing/output/CPG/c/cwe400_cpg/cwe400-390-cpg-resolved.bin	tc390_flow3	CWE400_Resource_Exhaustion__fscanf_sleep_06.c	97	CWE400_Resource_Exhaustion__fscanf_sleep_06.c	102
/home/swlab-jueon/swvul/tools/java-vuln-detection/slicing/output/CPG/c/cwe400_cpg/cwe400-390-cpg-resolved.bin	tc390_flow4	CWE400_Resource_Exhaustion__fscanf_sleep_06.c	128	CWE400_Resource_Exhaustion__fscanf_sleep_06.c	133
/home/swlab-jueon/swvul/tools/java-vuln-detection/slicing/output/CPG/c/cwe400_cpg/cwe400-390-cpg-resolved.bin	tc390_flow5	CWE400_Resource_Exhaustion__fscanf_sleep_06.c	147	CWE400_Resource_Exhaustion__fscanf_sleep_06.c	152
/home/swlab-jueon/swvul/tools/java-vuln-detection/slicing/output/CPG/c/cwe400_cpg/cwe400-391-cpg-resolved.bin	tc391_flow1	CWE400_Resource_Exhaustion__fscanf_sleep_07.c	43	CWE400_Resource_Exhaustion__fscanf_sleep_07.c	48
/home/swlab-jueon/swvul/tools/java-vuln-detection/slicing/output/CPG/c/cwe400_cpg/cwe400-391-cpg-resolved.bin	tc391_flow2	CWE400_Resource_Exhaustion__fscanf_sleep_07.c	66	CWE400_Resource_Exhaustion__fscanf_sleep_07.c	76
/home/swlab-jueon/swvul/tools/java-vuln-detection/slicing/output/CPG/c/cwe400_cpg/cwe400-391-cpg-resolved.bin	tc391_flow3	CWE400_Resource_Exhaustion__fscanf_sleep_07.c	97	CWE400_Resource_Exhaustion__fscanf_sleep_07.c	102
/home/swlab-jueon/swvul/tools/java-vuln-detection/slicing/output/CPG/c/cwe400_cpg/cwe400-391-cpg-resolved.bin	tc391_flow4	CWE400_Resource_Exhaustion__fscanf_sleep_07.c	128	CWE400_Resource_Exhaustion__fscanf_sleep_07.c	133
/home/swlab-jueon/swvul/tools/java-vuln-detection/slicing/output/CPG/c/cwe400_cpg/cwe400-391-cpg-resolved.bin	tc391_flow5	CWE400_Resource_Exhaustion__fscanf_sleep_07.c	147	CWE400_Resource_Exhaustion__fscanf_sleep_07.c	152
/home/swlab-jueon/swvul/tools/java-vuln-detection/slicing/output/CPG/c/cwe400_cpg/cwe400-392-cpg-resolved.bin	tc392_flow1	CWE400_Resource_Exhaustion__fscanf_sleep_08.c	51	CWE400_Resource_Exhaustion__fscanf_sleep_08.c	56
/home/swlab-jueon/swvul/tools/java-vuln-detection/slicing/output/CPG/c/cwe400_cpg/cwe400-392-cpg-resolved.bin	tc392_flow2	CWE400_Resource_Exhaustion__fscanf_sleep_08.c	74	CWE400_Resource_Exhaustion__fscanf_sleep_08.c	84
/home/swlab-jueon/swvul/tools/java-vuln-detection/slicing/output/CPG/c/cwe400_cpg/cwe400-392-cpg-resolved.bin	tc392_flow3	CWE400_Resource_Exhaustion__fscanf_sleep_08.c	105	CWE400_Resource_Exhaustion__fscanf_sleep_08.c	110
/home/swlab-jueon/swvul/tools/java-vuln-detection/slicing/output/CPG/c/cwe400_cpg/cwe400-392-cpg-resolved.bin	tc392_flow4	CWE400_Resource_Exhaustion__fscanf_sleep_08.c	136	CWE400_Resource_Exhaustion__fscanf_sleep_08.c	141
/home/swlab-jueon/swvul/tools/java-vuln-detection/slicing/output/CPG/c/cwe400_cpg/cwe400-392-cpg-resolved.bin	tc392_flow5	CWE400_Resource_Exhaustion__fscanf_sleep_08.c	155	CWE400_Resource_Exhaustion__fscanf_sleep_08.c	160
/home/swlab-jueon/swvul/tools/java-vuln-detection/slicing/output/CPG/c/cwe400_cpg/cwe400-393-cpg-resolved.bin	tc393_flow1	CWE400_Resource_Exhaustion__fscanf_sleep_09.c	38	CWE400_Resource_Exhaustion__fscanf_sleep_09.c	43
/home/swlab-jueon/swvul/tools/java-vuln-detection/slicing/output/CPG/c/cwe400_cpg/cwe400-393-cpg-resolved.bin	tc393_flow2	CWE400_Resource_Exhaustion__fscanf_sleep_09.c	61	CWE400_Resource_Exhaustion__fscanf_sleep_09.c	71
/home/swlab-jueon/swvul/tools/java-vuln-detection/slicing/output/CPG/c/cwe400_cpg/cwe400-393-cpg-resolved.bin	tc393_flow3	CWE400_Resource_Exhaustion__fscanf_sleep_09.c	92	CWE400_Resource_Exhaustion__fscanf_sleep_09.c	97
/home/swlab-jueon/swvul/tools/java-vuln-detection/slicing/output/CPG/c/cwe400_cpg/cwe400-393-cpg-resolved.bin	tc393_flow4	CWE400_Resource_Exhaustion__fscanf_sleep_09.c	123	CWE400_Resource_Exhaustion__fscanf_sleep_09.c	128
/home/swlab-jueon/swvul/tools/java-vuln-detection/slicing/output/CPG/c/cwe400_cpg/cwe400-393-cpg-resolved.bin	tc393_flow5	CWE400_Resource_Exhaustion__fscanf_sleep_09.c	142	CWE400_Resource_Exhaustion__fscanf_sleep_09.c	147
/home/swlab-jueon/swvul/tools/java-vuln-detection/slicing/output/CPG/c/cwe400_cpg/cwe400-394-cpg-resolved.bin	tc394_flow1	CWE400_Resource_Exhaustion__fscanf_sleep_10.c	38	CWE400_Resource_Exhaustion__fscanf_sleep_10.c	43
/home/swlab-jueon/swvul/tools/java-vuln-detection/slicing/output/CPG/c/cwe400_cpg/cwe400-394-cpg-resolved.bin	tc394_flow2	CWE400_Resource_Exhaustion__fscanf_sleep_10.c	61	CWE400_Resource_Exhaustion__fscanf_sleep_10.c	71
/home/swlab-jueon/swvul/tools/java-vuln-detection/slicing/output/CPG/c/cwe400_cpg/cwe400-394-cpg-resolved.bin	tc394_flow3	CWE400_Resource_Exhaustion__fscanf_sleep_10.c	92	CWE400_Resource_Exhaustion__fscanf_sleep_10.c	97
/home/swlab-jueon/swvul/tools/java-vuln-detection/slicing/output/CPG/c/cwe400_cpg/cwe400-394-cpg-resolved.bin	tc394_flow4	CWE400_Resource_Exhaustion__fscanf_sleep_10.c	123	CWE400_Resource_Exhaustion__fscanf_sleep_10.c	128
/home/swlab-jueon/swvul/tools/java-vuln-detection/slicing/output/CPG/c/cwe400_cpg/cwe400-394-cpg-resolved.bin	tc394_flow5	CWE400_Resource_Exhaustion__fscanf_sleep_10.c	142	CWE400_Resource_Exhaustion__fscanf_sleep_10.c	147
/home/swlab-jueon/swvul/tools/java-vuln-detection/slicing/output/CPG/c/cwe400_cpg/cwe400-395-cpg-resolved.bin	tc395_flow1	CWE400_Resource_Exhaustion__fscanf_sleep_11.c	38	CWE400_Resource_Exhaustion__fscanf_sleep_11.c	43
/home/swlab-jueon/swvul/tools/java-vuln-detection/slicing/output/CPG/c/cwe400_cpg/cwe400-395-cpg-resolved.bin	tc395_flow2	CWE400_Resource_Exhaustion__fscanf_sleep_11.c	61	CWE400_Resource_Exhaustion__fscanf_sleep_11.c	71
/home/swlab-jueon/swvul/tools/java-vuln-detection/slicing/output/CPG/c/cwe400_cpg/cwe400-395-cpg-resolved.bin	tc395_flow3	CWE400_Resource_Exhaustion__fscanf_sleep_11.c	92	CWE400_Resource_Exhaustion__fscanf_sleep_11.c	97
/home/swlab-jueon/swvul/tools/java-vuln-detection/slicing/output/CPG/c/cwe400_cpg/cwe400-395-cpg-resolved.bin	tc395_flow4	CWE400_Resource_Exhaustion__fscanf_sleep_11.c	123	CWE400_Resource_Exhaustion__fscanf_sleep_11.c	128
/home/swlab-jueon/swvul/tools/java-vuln-detection/slicing/output/CPG/c/cwe400_cpg/cwe400-395-cpg-resolved.bin	tc395_flow5	CWE400_Resource_Exhaustion__fscanf_sleep_11.c	142	CWE400_Resource_Exhaustion__fscanf_sleep_11.c	147
/home/swlab-jueon/swvul/tools/java-vuln-detection/slicing/output/CPG/c/cwe400_cpg/cwe400-396-cpg-resolved.bin	tc396_flow2	CWE400_Resource_Exhaustion__fscanf_sleep_12.c	81	CWE400_Resource_Exhaustion__fscanf_sleep_12.c	104
/home/swlab-jueon/swvul/tools/java-vuln-detection/slicing/output/CPG/c/cwe400_cpg/cwe400-396-cpg-resolved.bin	tc396_flow3	CWE400_Resource_Exhaustion__fscanf_sleep_12.c	127	CWE400_Resource_Exhaustion__fscanf_sleep_12.c	143
/home/swlab-jueon/swvul/tools/java-vuln-detection/slicing/output/CPG/c/cwe400_cpg/cwe400-397-cpg-resolved.bin	tc397_flow1	CWE400_Resource_Exhaustion__fscanf_sleep_13.c	38	CWE400_Resource_Exhaustion__fscanf_sleep_13.c	43
/home/swlab-jueon/swvul/tools/java-vuln-detection/slicing/output/CPG/c/cwe400_cpg/cwe400-397-cpg-resolved.bin	tc397_flow2	CWE400_Resource_Exhaustion__fscanf_sleep_13.c	61	CWE400_Resource_Exhaustion__fscanf_sleep_13.c	71
/home/swlab-jueon/swvul/tools/java-vuln-detection/slicing/output/CPG/c/cwe400_cpg/cwe400-397-cpg-resolved.bin	tc397_flow3	CWE400_Resource_Exhaustion__fscanf_sleep_13.c	92	CWE400_Resource_Exhaustion__fscanf_sleep_13.c	97
/home/swlab-jueon/swvul/tools/java-vuln-detection/slicing/output/CPG/c/cwe400_cpg/cwe400-397-cpg-resolved.bin	tc397_flow4	CWE400_Resource_Exhaustion__fscanf_sleep_13.c	123	CWE400_Resource_Exhaustion__fscanf_sleep_13.c	128
/home/swlab-jueon/swvul/tools/java-vuln-detection/slicing/output/CPG/c/cwe400_cpg/cwe400-397-cpg-resolved.bin	tc397_flow5	CWE400_Resource_Exhaustion__fscanf_sleep_13.c	142	CWE400_Resource_Exhaustion__fscanf_sleep_13.c	147
/home/swlab-jueon/swvul/tools/java-vuln-detection/slicing/output/CPG/c/cwe400_cpg/cwe400-398-cpg-resolved.bin	tc398_flow1	CWE400_Resource_Exhaustion__fscanf_sleep_14.c	38	CWE400_Resource_Exhaustion__fscanf_sleep_14.c	43
/home/swlab-jueon/swvul/tools/java-vuln-detection/slicing/output/CPG/c/cwe400_cpg/cwe400-398-cpg-resolved.bin	tc398_flow2	CWE400_Resource_Exhaustion__fscanf_sleep_14.c	61	CWE400_Resource_Exhaustion__fscanf_sleep_14.c	71
/home/swlab-jueon/swvul/tools/java-vuln-detection/slicing/output/CPG/c/cwe400_cpg/cwe400-398-cpg-resolved.bin	tc398_flow3	CWE400_Resource_Exhaustion__fscanf_sleep_14.c	92	CWE400_Resource_Exhaustion__fscanf_sleep_14.c	97
/home/swlab-jueon/swvul/tools/java-vuln-detection/slicing/output/CPG/c/cwe400_cpg/cwe400-398-cpg-resolved.bin	tc398_flow4	CWE400_Resource_Exhaustion__fscanf_sleep_14.c	123	CWE400_Resource_Exhaustion__fscanf_sleep_14.c	128
/home/swlab-jueon/swvul/tools/java-vuln-detection/slicing/output/CPG/c/cwe400_cpg/cwe400-398-cpg-resolved.bin	tc398_flow5	CWE400_Resource_Exhaustion__fscanf_sleep_14.c	142	CWE400_Resource_Exhaustion__fscanf_sleep_14.c	147
/home/swlab-jueon/swvul/tools/java-vuln-detection/slicing/output/CPG/c/cwe400_cpg/cwe400-399-cpg-resolved.bin	tc399_flow1	CWE400_Resource_Exhaustion__fscanf_sleep_15.c	39	CWE400_Resource_Exhaustion__fscanf_sleep_15.c	50
/home/swlab-jueon/swvul/tools/java-vuln-detection/slicing/output/CPG/c/cwe400_cpg/cwe400-399-cpg-resolved.bin	tc399_flow2	CWE400_Resource_Exhaustion__fscanf_sleep_15.c	74	CWE400_Resource_Exhaustion__fscanf_sleep_15.c	89
/home/swlab-jueon/swvul/tools/java-vuln-detection/slicing/output/CPG/c/cwe400_cpg/cwe400-399-cpg-resolved.bin	tc399_flow3	CWE400_Resource_Exhaustion__fscanf_sleep_15.c	112	CWE400_Resource_Exhaustion__fscanf_sleep_15.c	123
/home/swlab-jueon/swvul/tools/java-vuln-detection/slicing/output/CPG/c/cwe400_cpg/cwe400-399-cpg-resolved.bin	tc399_flow4	CWE400_Resource_Exhaustion__fscanf_sleep_15.c	154	CWE400_Resource_Exhaustion__fscanf_sleep_15.c	161
/home/swlab-jueon/swvul/tools/java-vuln-detection/slicing/output/CPG/c/cwe400_cpg/cwe400-399-cpg-resolved.bin	tc399_flow5	CWE400_Resource_Exhaustion__fscanf_sleep_15.c	181	CWE400_Resource_Exhaustion__fscanf_sleep_15.c	192
/home/swlab-jueon/swvul/tools/java-vuln-detection/slicing/output/CPG/c/cwe400_cpg/cwe400-400-cpg-resolved.bin	tc400_flow1	CWE400_Resource_Exhaustion__fscanf_sleep_16.c	38	CWE400_Resource_Exhaustion__fscanf_sleep_16.c	44
/home/swlab-jueon/swvul/tools/java-vuln-detection/slicing/output/CPG/c/cwe400_cpg/cwe400-400-cpg-resolved.bin	tc400_flow2	CWE400_Resource_Exhaustion__fscanf_sleep_16.c	63	CWE400_Resource_Exhaustion__fscanf_sleep_16.c	69
/home/swlab-jueon/swvul/tools/java-vuln-detection/slicing/output/CPG/c/cwe400_cpg/cwe400-400-cpg-resolved.bin	tc400_flow3	CWE400_Resource_Exhaustion__fscanf_sleep_16.c	91	CWE400_Resource_Exhaustion__fscanf_sleep_16.c	97
/home/swlab-jueon/swvul/tools/java-vuln-detection/slicing/output/CPG/c/cwe400_cpg/cwe400-401-cpg-resolved.bin	tc401_flow1	CWE400_Resource_Exhaustion__fscanf_sleep_17.c	39	CWE400_Resource_Exhaustion__fscanf_sleep_17.c	44
/home/swlab-jueon/swvul/tools/java-vuln-detection/slicing/output/CPG/c/cwe400_cpg/cwe400-401-cpg-resolved.bin	tc401_flow2	CWE400_Resource_Exhaustion__fscanf_sleep_17.c	63	CWE400_Resource_Exhaustion__fscanf_sleep_17.c	68
/home/swlab-jueon/swvul/tools/java-vuln-detection/slicing/output/CPG/c/cwe400_cpg/cwe400-401-cpg-resolved.bin	tc401_flow3	CWE400_Resource_Exhaustion__fscanf_sleep_17.c	90	CWE400_Resource_Exhaustion__fscanf_sleep_17.c	95
/home/swlab-jueon/swvul/tools/java-vuln-detection/slicing/output/CPG/c/cwe400_cpg/cwe400-402-cpg-resolved.bin	tc402_flow1	CWE400_Resource_Exhaustion__fscanf_sleep_18.c	38	CWE400_Resource_Exhaustion__fscanf_sleep_18.c	42
/home/swlab-jueon/swvul/tools/java-vuln-detection/slicing/output/CPG/c/cwe400_cpg/cwe400-402-cpg-resolved.bin	tc402_flow2	CWE400_Resource_Exhaustion__fscanf_sleep_18.c	59	CWE400_Resource_Exhaustion__fscanf_sleep_18.c	63
/home/swlab-jueon/swvul/tools/java-vuln-detection/slicing/output/CPG/c/cwe400_cpg/cwe400-402-cpg-resolved.bin	tc402_flow3	CWE400_Resource_Exhaustion__fscanf_sleep_18.c	83	CWE400_Resource_Exhaustion__fscanf_sleep_18.c	87
/home/swlab-jueon/swvul/tools/java-vuln-detection/slicing/output/CPG/c/cwe400_cpg/cwe400-403-cpg-resolved.bin	tc403_flow1	CWE400_Resource_Exhaustion__fscanf_sleep_21.c	49	CWE400_Resource_Exhaustion__fscanf_sleep_21.c	38
/home/swlab-jueon/swvul/tools/java-vuln-detection/slicing/output/CPG/c/cwe400_cpg/cwe400-403-cpg-resolved.bin	tc403_flow2	CWE400_Resource_Exhaustion__fscanf_sleep_21.c	92	CWE400_Resource_Exhaustion__fscanf_sleep_21.c	74
/home/swlab-jueon/swvul/tools/java-vuln-detection/slicing/output/CPG/c/cwe400_cpg/cwe400-403-cpg-resolved.bin	tc403_flow3	CWE400_Resource_Exhaustion__fscanf_sleep_21.c	121	CWE400_Resource_Exhaustion__fscanf_sleep_21.c	103
/home/swlab-jueon/swvul/tools/java-vuln-detection/slicing/output/CPG/c/cwe400_cpg/cwe400-403-cpg-resolved.bin	tc403_flow4	CWE400_Resource_Exhaustion__fscanf_sleep_21.c	143	CWE400_Resource_Exhaustion__fscanf_sleep_21.c	132
/home/swlab-jueon/swvul/tools/java-vuln-detection/slicing/output/CPG/c/cwe400_cpg/cwe400-405-cpg-resolved.bin	tc405_flow1	CWE400_Resource_Exhaustion__fscanf_sleep_31.c	36	CWE400_Resource_Exhaustion__fscanf_sleep_31.c	41
/home/swlab-jueon/swvul/tools/java-vuln-detection/slicing/output/CPG/c/cwe400_cpg/cwe400-405-cpg-resolved.bin	tc405_flow2	CWE400_Resource_Exhaustion__fscanf_sleep_31.c	74	CWE400_Resource_Exhaustion__fscanf_sleep_31.c	79
/home/swlab-jueon/swvul/tools/java-vuln-detection/slicing/output/CPG/c/cwe400_cpg/cwe400-405-cpg-resolved.bin	tc405_flow3	CWE400_Resource_Exhaustion__fscanf_sleep_31.c	57	CWE400_Resource_Exhaustion__fscanf_sleep_31.c	62
/home/swlab-jueon/swvul/tools/java-vuln-detection/slicing/output/CPG/c/cwe400_cpg/cwe400-406-cpg-resolved.bin	tc406_flow1	CWE400_Resource_Exhaustion__fscanf_sleep_32.c	40	CWE400_Resource_Exhaustion__fscanf_sleep_32.c	46
/home/swlab-jueon/swvul/tools/java-vuln-detection/slicing/output/CPG/c/cwe400_cpg/cwe400-406-cpg-resolved.bin	tc406_flow2	CWE400_Resource_Exhaustion__fscanf_sleep_32.c	88	CWE400_Resource_Exhaustion__fscanf_sleep_32.c	94
/home/swlab-jueon/swvul/tools/java-vuln-detection/slicing/output/CPG/c/cwe400_cpg/cwe400-406-cpg-resolved.bin	tc406_flow3	CWE400_Resource_Exhaustion__fscanf_sleep_32.c	66	CWE400_Resource_Exhaustion__fscanf_sleep_32.c	72
/home/swlab-jueon/swvul/tools/java-vuln-detection/slicing/output/CPG/c/cwe400_cpg/cwe400-407-cpg-resolved.bin	tc407_flow1	CWE400_Resource_Exhaustion__fscanf_sleep_33.cpp	40	CWE400_Resource_Exhaustion__fscanf_sleep_33.cpp	44
/home/swlab-jueon/swvul/tools/java-vuln-detection/slicing/output/CPG/c/cwe400_cpg/cwe400-407-cpg-resolved.bin	tc407_flow2	CWE400_Resource_Exhaustion__fscanf_sleep_33.cpp	78	CWE400_Resource_Exhaustion__fscanf_sleep_33.cpp	82
/home/swlab-jueon/swvul/tools/java-vuln-detection/slicing/output/CPG/c/cwe400_cpg/cwe400-407-cpg-resolved.bin	tc407_flow3	CWE400_Resource_Exhaustion__fscanf_sleep_33.cpp	61	CWE400_Resource_Exhaustion__fscanf_sleep_33.cpp	65
/home/swlab-jueon/swvul/tools/java-vuln-detection/slicing/output/CPG/c/cwe400_cpg/cwe400-408-cpg-resolved.bin	tc408_flow1	CWE400_Resource_Exhaustion__fscanf_sleep_34.c	43	CWE400_Resource_Exhaustion__fscanf_sleep_34.c	48
/home/swlab-jueon/swvul/tools/java-vuln-detection/slicing/output/CPG/c/cwe400_cpg/cwe400-408-cpg-resolved.bin	tc408_flow2	CWE400_Resource_Exhaustion__fscanf_sleep_34.c	83	CWE400_Resource_Exhaustion__fscanf_sleep_34.c	88
/home/swlab-jueon/swvul/tools/java-vuln-detection/slicing/output/CPG/c/cwe400_cpg/cwe400-408-cpg-resolved.bin	tc408_flow3	CWE400_Resource_Exhaustion__fscanf_sleep_34.c	65	CWE400_Resource_Exhaustion__fscanf_sleep_34.c	70
/home/swlab-jueon/swvul/tools/java-vuln-detection/slicing/output/CPG/c/cwe400_cpg/cwe400-409-cpg-resolved.bin	tc409_flow1	CWE400_Resource_Exhaustion__fscanf_sleep_41.c	43	CWE400_Resource_Exhaustion__fscanf_sleep_41.c	33
/home/swlab-jueon/swvul/tools/java-vuln-detection/slicing/output/CPG/c/cwe400_cpg/cwe400-409-cpg-resolved.bin	tc409_flow2	CWE400_Resource_Exhaustion__fscanf_sleep_41.c	90	CWE400_Resource_Exhaustion__fscanf_sleep_41.c	73
/home/swlab-jueon/swvul/tools/java-vuln-detection/slicing/output/CPG/c/cwe400_cpg/cwe400-409-cpg-resolved.bin	tc409_flow3	CWE400_Resource_Exhaustion__fscanf_sleep_41.c	65	CWE400_Resource_Exhaustion__fscanf_sleep_41.c	55
/home/swlab-jueon/swvul/tools/java-vuln-detection/slicing/output/CPG/c/cwe400_cpg/cwe400-410-cpg-resolved.bin	tc410_flow2	CWE400_Resource_Exhaustion__fscanf_sleep_42.c	75	CWE400_Resource_Exhaustion__fscanf_sleep_42.c	86
/home/swlab-jueon/swvul/tools/java-vuln-detection/slicing/output/CPG/c/cwe400_cpg/cwe400-410-cpg-resolved.bin	tc410_flow3	CWE400_Resource_Exhaustion__fscanf_sleep_42.c	56	CWE400_Resource_Exhaustion__fscanf_sleep_42.c	67
/home/swlab-jueon/swvul/tools/java-vuln-detection/slicing/output/CPG/c/cwe400_cpg/cwe400-411-cpg-resolved.bin	tc411_flow1	CWE400_Resource_Exhaustion__fscanf_sleep_43.cpp	36	CWE400_Resource_Exhaustion__fscanf_sleep_43.cpp	46
/home/swlab-jueon/swvul/tools/java-vuln-detection/slicing/output/CPG/c/cwe400_cpg/cwe400-411-cpg-resolved.bin	tc411_flow2	CWE400_Resource_Exhaustion__fscanf_sleep_43.cpp	76	CWE400_Resource_Exhaustion__fscanf_sleep_43.cpp	86
/home/swlab-jueon/swvul/tools/java-vuln-detection/slicing/output/CPG/c/cwe400_cpg/cwe400-411-cpg-resolved.bin	tc411_flow3	CWE400_Resource_Exhaustion__fscanf_sleep_43.cpp	58	CWE400_Resource_Exhaustion__fscanf_sleep_43.cpp	68
/home/swlab-jueon/swvul/tools/java-vuln-detection/slicing/output/CPG/c/cwe400_cpg/cwe400-412-cpg-resolved.bin	tc412_flow1	CWE400_Resource_Exhaustion__fscanf_sleep_44.c	45	CWE400_Resource_Exhaustion__fscanf_sleep_44.c	33
/home/swlab-jueon/swvul/tools/java-vuln-detection/slicing/output/CPG/c/cwe400_cpg/cwe400-412-cpg-resolved.bin	tc412_flow2	CWE400_Resource_Exhaustion__fscanf_sleep_44.c	95	CWE400_Resource_Exhaustion__fscanf_sleep_44.c	77
/home/swlab-jueon/swvul/tools/java-vuln-detection/slicing/output/CPG/c/cwe400_cpg/cwe400-412-cpg-resolved.bin	tc412_flow3	CWE400_Resource_Exhaustion__fscanf_sleep_44.c	69	CWE400_Resource_Exhaustion__fscanf_sleep_44.c	58
/home/swlab-jueon/swvul/tools/java-vuln-detection/slicing/output/CPG/c/cwe400_cpg/cwe400-413-cpg-resolved.bin	tc413_flow1	CWE400_Resource_Exhaustion__fscanf_sleep_45.c	48	CWE400_Resource_Exhaustion__fscanf_sleep_45.c	38
/home/swlab-jueon/swvul/tools/java-vuln-detection/slicing/output/CPG/c/cwe400_cpg/cwe400-413-cpg-resolved.bin	tc413_flow2	CWE400_Resource_Exhaustion__fscanf_sleep_45.c	99	CWE400_Resource_Exhaustion__fscanf_sleep_45.c	82
/home/swlab-jueon/swvul/tools/java-vuln-detection/slicing/output/CPG/c/cwe400_cpg/cwe400-413-cpg-resolved.bin	tc413_flow3	CWE400_Resource_Exhaustion__fscanf_sleep_45.c	72	CWE400_Resource_Exhaustion__fscanf_sleep_45.c	62
/home/swlab-jueon/swvul/tools/java-vuln-detection/slicing/output/CPG/c/cwe400_cpg/cwe400-418-cpg-resolved.bin	tc418_flow2	CWE400_Resource_Exhaustion__fscanf_sleep_61b.c	53	CWE400_Resource_Exhaustion__fscanf_sleep_61a.c	72
/home/swlab-jueon/swvul/tools/java-vuln-detection/slicing/output/CPG/c/cwe400_cpg/cwe400-418-cpg-resolved.bin	tc418_flow3	CWE400_Resource_Exhaustion__fscanf_sleep_61b.c	45	CWE400_Resource_Exhaustion__fscanf_sleep_61a.c	58
/home/swlab-jueon/swvul/tools/java-vuln-detection/slicing/output/CPG/c/cwe400_cpg/cwe400-419-cpg-resolved.bin	tc419_flow1	CWE400_Resource_Exhaustion__fscanf_sleep_62b.cpp	28	CWE400_Resource_Exhaustion__fscanf_sleep_62a.cpp	43
/home/swlab-jueon/swvul/tools/java-vuln-detection/slicing/output/CPG/c/cwe400_cpg/cwe400-419-cpg-resolved.bin	tc419_flow2	CWE400_Resource_Exhaustion__fscanf_sleep_62b.cpp	46	CWE400_Resource_Exhaustion__fscanf_sleep_62a.cpp	75
/home/swlab-jueon/swvul/tools/java-vuln-detection/slicing/output/CPG/c/cwe400_cpg/cwe400-419-cpg-resolved.bin	tc419_flow3	CWE400_Resource_Exhaustion__fscanf_sleep_62b.cpp	39	CWE400_Resource_Exhaustion__fscanf_sleep_62a.cpp	61
/home/swlab-jueon/swvul/tools/java-vuln-detection/slicing/output/CPG/c/cwe400_cpg/cwe400-426-cpg-resolved.bin	tc426_flow1	CWE400_Resource_Exhaustion__fscanf_sleep_72a.cpp	38	CWE400_Resource_Exhaustion__fscanf_sleep_72b.cpp	41
/home/swlab-jueon/swvul/tools/java-vuln-detection/slicing/output/CPG/c/cwe400_cpg/cwe400-426-cpg-resolved.bin	tc426_flow2	CWE400_Resource_Exhaustion__fscanf_sleep_72a.cpp	78	CWE400_Resource_Exhaustion__fscanf_sleep_72b.cpp	63
/home/swlab-jueon/swvul/tools/java-vuln-detection/slicing/output/CPG/c/cwe400_cpg/cwe400-426-cpg-resolved.bin	tc426_flow3	CWE400_Resource_Exhaustion__fscanf_sleep_72a.cpp	60	CWE400_Resource_Exhaustion__fscanf_sleep_72b.cpp	54
/home/swlab-jueon/swvul/tools/java-vuln-detection/slicing/output/CPG/c/cwe400_cpg/cwe400-427-cpg-resolved.bin	tc427_flow1	CWE400_Resource_Exhaustion__fscanf_sleep_73a.cpp	38	CWE400_Resource_Exhaustion__fscanf_sleep_73b.cpp	41
/home/swlab-jueon/swvul/tools/java-vuln-detection/slicing/output/CPG/c/cwe400_cpg/cwe400-427-cpg-resolved.bin	tc427_flow2	CWE400_Resource_Exhaustion__fscanf_sleep_73a.cpp	78	CWE400_Resource_Exhaustion__fscanf_sleep_73b.cpp	63
/home/swlab-jueon/swvul/tools/java-vuln-detection/slicing/output/CPG/c/cwe400_cpg/cwe400-427-cpg-resolved.bin	tc427_flow3	CWE400_Resource_Exhaustion__fscanf_sleep_73a.cpp	60	CWE400_Resource_Exhaustion__fscanf_sleep_73b.cpp	54
/home/swlab-jueon/swvul/tools/java-vuln-detection/slicing/output/CPG/c/cwe400_cpg/cwe400-428-cpg-resolved.bin	tc428_flow1	CWE400_Resource_Exhaustion__fscanf_sleep_74a.cpp	38	CWE400_Resource_Exhaustion__fscanf_sleep_74b.cpp	41
/home/swlab-jueon/swvul/tools/java-vuln-detection/slicing/output/CPG/c/cwe400_cpg/cwe400-428-cpg-resolved.bin	tc428_flow2	CWE400_Resource_Exhaustion__fscanf_sleep_74a.cpp	78	CWE400_Resource_Exhaustion__fscanf_sleep_74b.cpp	63
/home/swlab-jueon/swvul/tools/java-vuln-detection/slicing/output/CPG/c/cwe400_cpg/cwe400-428-cpg-resolved.bin	tc428_flow3	CWE400_Resource_Exhaustion__fscanf_sleep_74a.cpp	60	CWE400_Resource_Exhaustion__fscanf_sleep_74b.cpp	54
/home/swlab-jueon/swvul/tools/java-vuln-detection/slicing/output/CPG/c/cwe400_cpg/cwe400-429-cpg-resolved.bin	tc429_flow1	CWE400_Resource_Exhaustion__fscanf_sleep_81a.cpp	32	CWE400_Resource_Exhaustion__fscanf_sleep_81_bad.cpp	36
/home/swlab-jueon/swvul/tools/java-vuln-detection/slicing/output/CPG/c/cwe400_cpg/cwe400-429-cpg-resolved.bin	tc429_flow2	CWE400_Resource_Exhaustion__fscanf_sleep_81a.cpp	60	CWE400_Resource_Exhaustion__fscanf_sleep_81_goodB2G.cpp	36
/home/swlab-jueon/swvul/tools/java-vuln-detection/slicing/output/CPG/c/cwe400_cpg/cwe400-429-cpg-resolved.bin	tc429_flow3	CWE400_Resource_Exhaustion__fscanf_sleep_81a.cpp	48	CWE400_Resource_Exhaustion__fscanf_sleep_81_goodG2B.cpp	36
/home/swlab-jueon/swvul/tools/java-vuln-detection/slicing/output/CPG/c/cwe400_cpg/cwe400-430-cpg-resolved.bin	tc430_flow1	CWE400_Resource_Exhaustion__fscanf_sleep_82a.cpp	32	CWE400_Resource_Exhaustion__fscanf_sleep_82_bad.cpp	36
/home/swlab-jueon/swvul/tools/java-vuln-detection/slicing/output/CPG/c/cwe400_cpg/cwe400-430-cpg-resolved.bin	tc430_flow2	CWE400_Resource_Exhaustion__fscanf_sleep_82a.cpp	62	CWE400_Resource_Exhaustion__fscanf_sleep_82_goodB2G.cpp	36
/home/swlab-jueon/swvul/tools/java-vuln-detection/slicing/output/CPG/c/cwe400_cpg/cwe400-430-cpg-resolved.bin	tc430_flow3	CWE400_Resource_Exhaustion__fscanf_sleep_82a.cpp	49	CWE400_Resource_Exhaustion__fscanf_sleep_82_goodG2B.cpp	36
/home/swlab-jueon/swvul/tools/java-vuln-detection/slicing/output/CPG/c/cwe400_cpg/cwe400-433-cpg-resolved.bin	tc433_flow1	CWE400_Resource_Exhaustion__listen_socket_for_loop_01.c	69	CWE400_Resource_Exhaustion__listen_socket_for_loop_01.c	121
/home/swlab-jueon/swvul/tools/java-vuln-detection/slicing/output/CPG/c/cwe400_cpg/cwe400-433-cpg-resolved.bin	tc433_flow2	CWE400_Resource_Exhaustion__listen_socket_for_loop_01.c	176	CWE400_Resource_Exhaustion__listen_socket_for_loop_01.c	228
/home/swlab-jueon/swvul/tools/java-vuln-detection/slicing/output/CPG/c/cwe400_cpg/cwe400-433-cpg-resolved.bin	tc433_flow3	CWE400_Resource_Exhaustion__listen_socket_for_loop_01.c	139	CWE400_Resource_Exhaustion__listen_socket_for_loop_01.c	143
/home/swlab-jueon/swvul/tools/java-vuln-detection/slicing/output/CPG/c/cwe400_cpg/cwe400-434-cpg-resolved.bin	tc434_flow1	CWE400_Resource_Exhaustion__listen_socket_for_loop_02.c	71	CWE400_Resource_Exhaustion__listen_socket_for_loop_02.c	126
/home/swlab-jueon/swvul/tools/java-vuln-detection/slicing/output/CPG/c/cwe400_cpg/cwe400-434-cpg-resolved.bin	tc434_flow2	CWE400_Resource_Exhaustion__listen_socket_for_loop_02.c	166	CWE400_Resource_Exhaustion__listen_socket_for_loop_02.c	226
/home/swlab-jueon/swvul/tools/java-vuln-detection/slicing/output/CPG/c/cwe400_cpg/cwe400-434-cpg-resolved.bin	tc434_flow3	CWE400_Resource_Exhaustion__listen_socket_for_loop_02.c	265	CWE400_Resource_Exhaustion__listen_socket_for_loop_02.c	320
/home/swlab-jueon/swvul/tools/java-vuln-detection/slicing/output/CPG/c/cwe400_cpg/cwe400-434-cpg-resolved.bin	tc434_flow4	CWE400_Resource_Exhaustion__listen_socket_for_loop_02.c	345	CWE400_Resource_Exhaustion__listen_socket_for_loop_02.c	352
/home/swlab-jueon/swvul/tools/java-vuln-detection/slicing/output/CPG/c/cwe400_cpg/cwe400-434-cpg-resolved.bin	tc434_flow5	CWE400_Resource_Exhaustion__listen_socket_for_loop_02.c	369	CWE400_Resource_Exhaustion__listen_socket_for_loop_02.c	376
/home/swlab-jueon/swvul/tools/java-vuln-detection/slicing/output/CPG/c/cwe400_cpg/cwe400-435-cpg-resolved.bin	tc435_flow1	CWE400_Resource_Exhaustion__listen_socket_for_loop_03.c	71	CWE400_Resource_Exhaustion__listen_socket_for_loop_03.c	126
/home/swlab-jueon/swvul/tools/java-vuln-detection/slicing/output/CPG/c/cwe400_cpg/cwe400-435-cpg-resolved.bin	tc435_flow2	CWE400_Resource_Exhaustion__listen_socket_for_loop_03.c	166	CWE400_Resource_Exhaustion__listen_socket_for_loop_03.c	226
/home/swlab-jueon/swvul/tools/java-vuln-detection/slicing/output/CPG/c/cwe400_cpg/cwe400-435-cpg-resolved.bin	tc435_flow3	CWE400_Resource_Exhaustion__listen_socket_for_loop_03.c	265	CWE400_Resource_Exhaustion__listen_socket_for_loop_03.c	320
/home/swlab-jueon/swvul/tools/java-vuln-detection/slicing/output/CPG/c/cwe400_cpg/cwe400-435-cpg-resolved.bin	tc435_flow4	CWE400_Resource_Exhaustion__listen_socket_for_loop_03.c	345	CWE400_Resource_Exhaustion__listen_socket_for_loop_03.c	352
/home/swlab-jueon/swvul/tools/java-vuln-detection/slicing/output/CPG/c/cwe400_cpg/cwe400-435-cpg-resolved.bin	tc435_flow5	CWE400_Resource_Exhaustion__listen_socket_for_loop_03.c	369	CWE400_Resource_Exhaustion__listen_socket_for_loop_03.c	376
/home/swlab-jueon/swvul/tools/java-vuln-detection/slicing/output/CPG/c/cwe400_cpg/cwe400-436-cpg-resolved.bin	tc436_flow1	CWE400_Resource_Exhaustion__listen_socket_for_loop_04.c	77	CWE400_Resource_Exhaustion__listen_socket_for_loop_04.c	132
/home/swlab-jueon/swvul/tools/java-vuln-detection/slicing/output/CPG/c/cwe400_cpg/cwe400-436-cpg-resolved.bin	tc436_flow2	CWE400_Resource_Exhaustion__listen_socket_for_loop_04.c	172	CWE400_Resource_Exhaustion__listen_socket_for_loop_04.c	232
/home/swlab-jueon/swvul/tools/java-vuln-detection/slicing/output/CPG/c/cwe400_cpg/cwe400-436-cpg-resolved.bin	tc436_flow3	CWE400_Resource_Exhaustion__listen_socket_for_loop_04.c	271	CWE400_Resource_Exhaustion__listen_socket_for_loop_04.c	326
/home/swlab-jueon/swvul/tools/java-vuln-detection/slicing/output/CPG/c/cwe400_cpg/cwe400-436-cpg-resolved.bin	tc436_flow4	CWE400_Resource_Exhaustion__listen_socket_for_loop_04.c	351	CWE400_Resource_Exhaustion__listen_socket_for_loop_04.c	358
/home/swlab-jueon/swvul/tools/java-vuln-detection/slicing/output/CPG/c/cwe400_cpg/cwe400-436-cpg-resolved.bin	tc436_flow5	CWE400_Resource_Exhaustion__listen_socket_for_loop_04.c	375	CWE400_Resource_Exhaustion__listen_socket_for_loop_04.c	382
/home/swlab-jueon/swvul/tools/java-vuln-detection/slicing/output/CPG/c/cwe400_cpg/cwe400-437-cpg-resolved.bin	tc437_flow1	CWE400_Resource_Exhaustion__listen_socket_for_loop_05.c	77	CWE400_Resource_Exhaustion__listen_socket_for_loop_05.c	132
/home/swlab-jueon/swvul/tools/java-vuln-detection/slicing/output/CPG/c/cwe400_cpg/cwe400-437-cpg-resolved.bin	tc437_flow2	CWE400_Resource_Exhaustion__listen_socket_for_loop_05.c	172	CWE400_Resource_Exhaustion__listen_socket_for_loop_05.c	232
/home/swlab-jueon/swvul/tools/java-vuln-detection/slicing/output/CPG/c/cwe400_cpg/cwe400-437-cpg-resolved.bin	tc437_flow3	CWE400_Resource_Exhaustion__listen_socket_for_loop_05.c	271	CWE400_Resource_Exhaustion__listen_socket_for_loop_05.c	326
/home/swlab-jueon/swvul/tools/java-vuln-detection/slicing/output/CPG/c/cwe400_cpg/cwe400-437-cpg-resolved.bin	tc437_flow4	CWE400_Resource_Exhaustion__listen_socket_for_loop_05.c	351	CWE400_Resource_Exhaustion__listen_socket_for_loop_05.c	358
/home/swlab-jueon/swvul/tools/java-vuln-detection/slicing/output/CPG/c/cwe400_cpg/cwe400-437-cpg-resolved.bin	tc437_flow5	CWE400_Resource_Exhaustion__listen_socket_for_loop_05.c	375	CWE400_Resource_Exhaustion__listen_socket_for_loop_05.c	382
/home/swlab-jueon/swvul/tools/java-vuln-detection/slicing/output/CPG/c/cwe400_cpg/cwe400-438-cpg-resolved.bin	tc438_flow1	CWE400_Resource_Exhaustion__listen_socket_for_loop_06.c	76	CWE400_Resource_Exhaustion__listen_socket_for_loop_06.c	131
/home/swlab-jueon/swvul/tools/java-vuln-detection/slicing/output/CPG/c/cwe400_cpg/cwe400-438-cpg-resolved.bin	tc438_flow2	CWE400_Resource_Exhaustion__listen_socket_for_loop_06.c	171	CWE400_Resource_Exhaustion__listen_socket_for_loop_06.c	231
/home/swlab-jueon/swvul/tools/java-vuln-detection/slicing/output/CPG/c/cwe400_cpg/cwe400-438-cpg-resolved.bin	tc438_flow3	CWE400_Resource_Exhaustion__listen_socket_for_loop_06.c	270	CWE400_Resource_Exhaustion__listen_socket_for_loop_06.c	325
/home/swlab-jueon/swvul/tools/java-vuln-detection/slicing/output/CPG/c/cwe400_cpg/cwe400-438-cpg-resolved.bin	tc438_flow4	CWE400_Resource_Exhaustion__listen_socket_for_loop_06.c	350	CWE400_Resource_Exhaustion__listen_socket_for_loop_06.c	357
/home/swlab-jueon/swvul/tools/java-vuln-detection/slicing/output/CPG/c/cwe400_cpg/cwe400-438-cpg-resolved.bin	tc438_flow5	CWE400_Resource_Exhaustion__listen_socket_for_loop_06.c	374	CWE400_Resource_Exhaustion__listen_socket_for_loop_06.c	381
/home/swlab-jueon/swvul/tools/java-vuln-detection/slicing/output/CPG/c/cwe400_cpg/cwe400-439-cpg-resolved.bin	tc439_flow1	CWE400_Resource_Exhaustion__listen_socket_for_loop_07.c	76	CWE400_Resource_Exhaustion__listen_socket_for_loop_07.c	131
/home/swlab-jueon/swvul/tools/java-vuln-detection/slicing/output/CPG/c/cwe400_cpg/cwe400-439-cpg-resolved.bin	tc439_flow2	CWE400_Resource_Exhaustion__listen_socket_for_loop_07.c	171	CWE400_Resource_Exhaustion__listen_socket_for_loop_07.c	231
/home/swlab-jueon/swvul/tools/java-vuln-detection/slicing/output/CPG/c/cwe400_cpg/cwe400-439-cpg-resolved.bin	tc439_flow3	CWE400_Resource_Exhaustion__listen_socket_for_loop_07.c	270	CWE400_Resource_Exhaustion__listen_socket_for_loop_07.c	325
/home/swlab-jueon/swvul/tools/java-vuln-detection/slicing/output/CPG/c/cwe400_cpg/cwe400-439-cpg-resolved.bin	tc439_flow4	CWE400_Resource_Exhaustion__listen_socket_for_loop_07.c	350	CWE400_Resource_Exhaustion__listen_socket_for_loop_07.c	357
/home/swlab-jueon/swvul/tools/java-vuln-detection/slicing/output/CPG/c/cwe400_cpg/cwe400-439-cpg-resolved.bin	tc439_flow5	CWE400_Resource_Exhaustion__listen_socket_for_loop_07.c	374	CWE400_Resource_Exhaustion__listen_socket_for_loop_07.c	381
/home/swlab-jueon/swvul/tools/java-vuln-detection/slicing/output/CPG/c/cwe400_cpg/cwe400-440-cpg-resolved.bin	tc440_flow1	CWE400_Resource_Exhaustion__listen_socket_for_loop_08.c	84	CWE400_Resource_Exhaustion__listen_socket_for_loop_08.c	139
/home/swlab-jueon/swvul/tools/java-vuln-detection/slicing/output/CPG/c/cwe400_cpg/cwe400-440-cpg-resolved.bin	tc440_flow2	CWE400_Resource_Exhaustion__listen_socket_for_loop_08.c	179	CWE400_Resource_Exhaustion__listen_socket_for_loop_08.c	239
/home/swlab-jueon/swvul/tools/java-vuln-detection/slicing/output/CPG/c/cwe400_cpg/cwe400-440-cpg-resolved.bin	tc440_flow3	CWE400_Resource_Exhaustion__listen_socket_for_loop_08.c	278	CWE400_Resource_Exhaustion__listen_socket_for_loop_08.c	333
/home/swlab-jueon/swvul/tools/java-vuln-detection/slicing/output/CPG/c/cwe400_cpg/cwe400-440-cpg-resolved.bin	tc440_flow4	CWE400_Resource_Exhaustion__listen_socket_for_loop_08.c	358	CWE400_Resource_Exhaustion__listen_socket_for_loop_08.c	365
/home/swlab-jueon/swvul/tools/java-vuln-detection/slicing/output/CPG/c/cwe400_cpg/cwe400-440-cpg-resolved.bin	tc440_flow5	CWE400_Resource_Exhaustion__listen_socket_for_loop_08.c	382	CWE400_Resource_Exhaustion__listen_socket_for_loop_08.c	389
/home/swlab-jueon/swvul/tools/java-vuln-detection/slicing/output/CPG/c/cwe400_cpg/cwe400-441-cpg-resolved.bin	tc441_flow1	CWE400_Resource_Exhaustion__listen_socket_for_loop_09.c	71	CWE400_Resource_Exhaustion__listen_socket_for_loop_09.c	126
/home/swlab-jueon/swvul/tools/java-vuln-detection/slicing/output/CPG/c/cwe400_cpg/cwe400-441-cpg-resolved.bin	tc441_flow2	CWE400_Resource_Exhaustion__listen_socket_for_loop_09.c	166	CWE400_Resource_Exhaustion__listen_socket_for_loop_09.c	226
/home/swlab-jueon/swvul/tools/java-vuln-detection/slicing/output/CPG/c/cwe400_cpg/cwe400-441-cpg-resolved.bin	tc441_flow3	CWE400_Resource_Exhaustion__listen_socket_for_loop_09.c	265	CWE400_Resource_Exhaustion__listen_socket_for_loop_09.c	320
/home/swlab-jueon/swvul/tools/java-vuln-detection/slicing/output/CPG/c/cwe400_cpg/cwe400-441-cpg-resolved.bin	tc441_flow4	CWE400_Resource_Exhaustion__listen_socket_for_loop_09.c	345	CWE400_Resource_Exhaustion__listen_socket_for_loop_09.c	352
/home/swlab-jueon/swvul/tools/java-vuln-detection/slicing/output/CPG/c/cwe400_cpg/cwe400-441-cpg-resolved.bin	tc441_flow5	CWE400_Resource_Exhaustion__listen_socket_for_loop_09.c	369	CWE400_Resource_Exhaustion__listen_socket_for_loop_09.c	376
/home/swlab-jueon/swvul/tools/java-vuln-detection/slicing/output/CPG/c/cwe400_cpg/cwe400-442-cpg-resolved.bin	tc442_flow1	CWE400_Resource_Exhaustion__listen_socket_for_loop_10.c	71	CWE400_Resource_Exhaustion__listen_socket_for_loop_10.c	126
/home/swlab-jueon/swvul/tools/java-vuln-detection/slicing/output/CPG/c/cwe400_cpg/cwe400-442-cpg-resolved.bin	tc442_flow2	CWE400_Resource_Exhaustion__listen_socket_for_loop_10.c	166	CWE400_Resource_Exhaustion__listen_socket_for_loop_10.c	226
/home/swlab-jueon/swvul/tools/java-vuln-detection/slicing/output/CPG/c/cwe400_cpg/cwe400-442-cpg-resolved.bin	tc442_flow3	CWE400_Resource_Exhaustion__listen_socket_for_loop_10.c	265	CWE400_Resource_Exhaustion__listen_socket_for_loop_10.c	320
/home/swlab-jueon/swvul/tools/java-vuln-detection/slicing/output/CPG/c/cwe400_cpg/cwe400-442-cpg-resolved.bin	tc442_flow4	CWE400_Resource_Exhaustion__listen_socket_for_loop_10.c	345	CWE400_Resource_Exhaustion__listen_socket_for_loop_10.c	352
/home/swlab-jueon/swvul/tools/java-vuln-detection/slicing/output/CPG/c/cwe400_cpg/cwe400-442-cpg-resolved.bin	tc442_flow5	CWE400_Resource_Exhaustion__listen_socket_for_loop_10.c	369	CWE400_Resource_Exhaustion__listen_socket_for_loop_10.c	376
/home/swlab-jueon/swvul/tools/java-vuln-detection/slicing/output/CPG/c/cwe400_cpg/cwe400-443-cpg-resolved.bin	tc443_flow1	CWE400_Resource_Exhaustion__listen_socket_for_loop_11.c	71	CWE400_Resource_Exhaustion__listen_socket_for_loop_11.c	126
/home/swlab-jueon/swvul/tools/java-vuln-detection/slicing/output/CPG/c/cwe400_cpg/cwe400-443-cpg-resolved.bin	tc443_flow2	CWE400_Resource_Exhaustion__listen_socket_for_loop_11.c	166	CWE400_Resource_Exhaustion__listen_socket_for_loop_11.c	226
/home/swlab-jueon/swvul/tools/java-vuln-detection/slicing/output/CPG/c/cwe400_cpg/cwe400-443-cpg-resolved.bin	tc443_flow3	CWE400_Resource_Exhaustion__listen_socket_for_loop_11.c	265	CWE400_Resource_Exhaustion__listen_socket_for_loop_11.c	320
/home/swlab-jueon/swvul/tools/java-vuln-detection/slicing/output/CPG/c/cwe400_cpg/cwe400-443-cpg-resolved.bin	tc443_flow4	CWE400_Resource_Exhaustion__listen_socket_for_loop_11.c	345	CWE400_Resource_Exhaustion__listen_socket_for_loop_11.c	352
/home/swlab-jueon/swvul/tools/java-vuln-detection/slicing/output/CPG/c/cwe400_cpg/cwe400-443-cpg-resolved.bin	tc443_flow5	CWE400_Resource_Exhaustion__listen_socket_for_loop_11.c	369	CWE400_Resource_Exhaustion__listen_socket_for_loop_11.c	376
/home/swlab-jueon/swvul/tools/java-vuln-detection/slicing/output/CPG/c/cwe400_cpg/cwe400-444-cpg-resolved.bin	tc444_flow2	CWE400_Resource_Exhaustion__listen_socket_for_loop_12.c	187	CWE400_Resource_Exhaustion__listen_socket_for_loop_12.c	328
/home/swlab-jueon/swvul/tools/java-vuln-detection/slicing/output/CPG/c/cwe400_cpg/cwe400-444-cpg-resolved.bin	tc444_flow3	CWE400_Resource_Exhaustion__listen_socket_for_loop_12.c	350	CWE400_Resource_Exhaustion__listen_socket_for_loop_12.c	373
/home/swlab-jueon/swvul/tools/java-vuln-detection/slicing/output/CPG/c/cwe400_cpg/cwe400-445-cpg-resolved.bin	tc445_flow1	CWE400_Resource_Exhaustion__listen_socket_for_loop_13.c	71	CWE400_Resource_Exhaustion__listen_socket_for_loop_13.c	126
/home/swlab-jueon/swvul/tools/java-vuln-detection/slicing/output/CPG/c/cwe400_cpg/cwe400-445-cpg-resolved.bin	tc445_flow2	CWE400_Resource_Exhaustion__listen_socket_for_loop_13.c	166	CWE400_Resource_Exhaustion__listen_socket_for_loop_13.c	226
/home/swlab-jueon/swvul/tools/java-vuln-detection/slicing/output/CPG/c/cwe400_cpg/cwe400-445-cpg-resolved.bin	tc445_flow3	CWE400_Resource_Exhaustion__listen_socket_for_loop_13.c	265	CWE400_Resource_Exhaustion__listen_socket_for_loop_13.c	320
/home/swlab-jueon/swvul/tools/java-vuln-detection/slicing/output/CPG/c/cwe400_cpg/cwe400-445-cpg-resolved.bin	tc445_flow4	CWE400_Resource_Exhaustion__listen_socket_for_loop_13.c	345	CWE400_Resource_Exhaustion__listen_socket_for_loop_13.c	352
/home/swlab-jueon/swvul/tools/java-vuln-detection/slicing/output/CPG/c/cwe400_cpg/cwe400-445-cpg-resolved.bin	tc445_flow5	CWE400_Resource_Exhaustion__listen_socket_for_loop_13.c	369	CWE400_Resource_Exhaustion__listen_socket_for_loop_13.c	376
/home/swlab-jueon/swvul/tools/java-vuln-detection/slicing/output/CPG/c/cwe400_cpg/cwe400-446-cpg-resolved.bin	tc446_flow1	CWE400_Resource_Exhaustion__listen_socket_for_loop_14.c	71	CWE400_Resource_Exhaustion__listen_socket_for_loop_14.c	126
/home/swlab-jueon/swvul/tools/java-vuln-detection/slicing/output/CPG/c/cwe400_cpg/cwe400-446-cpg-resolved.bin	tc446_flow2	CWE400_Resource_Exhaustion__listen_socket_for_loop_14.c	166	CWE400_Resource_Exhaustion__listen_socket_for_loop_14.c	226
/home/swlab-jueon/swvul/tools/java-vuln-detection/slicing/output/CPG/c/cwe400_cpg/cwe400-446-cpg-resolved.bin	tc446_flow3	CWE400_Resource_Exhaustion__listen_socket_for_loop_14.c	265	CWE400_Resource_Exhaustion__listen_socket_for_loop_14.c	320
/home/swlab-jueon/swvul/tools/java-vuln-detection/slicing/output/CPG/c/cwe400_cpg/cwe400-446-cpg-resolved.bin	tc446_flow4	CWE400_Resource_Exhaustion__listen_socket_for_loop_14.c	345	CWE400_Resource_Exhaustion__listen_socket_for_loop_14.c	352
/home/swlab-jueon/swvul/tools/java-vuln-detection/slicing/output/CPG/c/cwe400_cpg/cwe400-446-cpg-resolved.bin	tc446_flow5	CWE400_Resource_Exhaustion__listen_socket_for_loop_14.c	369	CWE400_Resource_Exhaustion__listen_socket_for_loop_14.c	376
/home/swlab-jueon/swvul/tools/java-vuln-detection/slicing/output/CPG/c/cwe400_cpg/cwe400-447-cpg-resolved.bin	tc447_flow1	CWE400_Resource_Exhaustion__listen_socket_for_loop_15.c	72	CWE400_Resource_Exhaustion__listen_socket_for_loop_15.c	133
/home/swlab-jueon/swvul/tools/java-vuln-detection/slicing/output/CPG/c/cwe400_cpg/cwe400-447-cpg-resolved.bin	tc447_flow2	CWE400_Resource_Exhaustion__listen_socket_for_loop_15.c	179	CWE400_Resource_Exhaustion__listen_socket_for_loop_15.c	244
/home/swlab-jueon/swvul/tools/java-vuln-detection/slicing/output/CPG/c/cwe400_cpg/cwe400-447-cpg-resolved.bin	tc447_flow3	CWE400_Resource_Exhaustion__listen_socket_for_loop_15.c	285	CWE400_Resource_Exhaustion__listen_socket_for_loop_15.c	346
/home/swlab-jueon/swvul/tools/java-vuln-detection/slicing/output/CPG/c/cwe400_cpg/cwe400-447-cpg-resolved.bin	tc447_flow4	CWE400_Resource_Exhaustion__listen_socket_for_loop_15.c	376	CWE400_Resource_Exhaustion__listen_socket_for_loop_15.c	385
/home/swlab-jueon/swvul/tools/java-vuln-detection/slicing/output/CPG/c/cwe400_cpg/cwe400-447-cpg-resolved.bin	tc447_flow5	CWE400_Resource_Exhaustion__listen_socket_for_loop_15.c	408	CWE400_Resource_Exhaustion__listen_socket_for_loop_15.c	421
/home/swlab-jueon/swvul/tools/java-vuln-detection/slicing/output/CPG/c/cwe400_cpg/cwe400-448-cpg-resolved.bin	tc448_flow1	CWE400_Resource_Exhaustion__listen_socket_for_loop_16.c	71	CWE400_Resource_Exhaustion__listen_socket_for_loop_16.c	127
/home/swlab-jueon/swvul/tools/java-vuln-detection/slicing/output/CPG/c/cwe400_cpg/cwe400-448-cpg-resolved.bin	tc448_flow2	CWE400_Resource_Exhaustion__listen_socket_for_loop_16.c	168	CWE400_Resource_Exhaustion__listen_socket_for_loop_16.c	224
/home/swlab-jueon/swvul/tools/java-vuln-detection/slicing/output/CPG/c/cwe400_cpg/cwe400-448-cpg-resolved.bin	tc448_flow3	CWE400_Resource_Exhaustion__listen_socket_for_loop_16.c	245	CWE400_Resource_Exhaustion__listen_socket_for_loop_16.c	253
/home/swlab-jueon/swvul/tools/java-vuln-detection/slicing/output/CPG/c/cwe400_cpg/cwe400-449-cpg-resolved.bin	tc449_flow1	CWE400_Resource_Exhaustion__listen_socket_for_loop_17.c	72	CWE400_Resource_Exhaustion__listen_socket_for_loop_17.c	127
/home/swlab-jueon/swvul/tools/java-vuln-detection/slicing/output/CPG/c/cwe400_cpg/cwe400-449-cpg-resolved.bin	tc449_flow2	CWE400_Resource_Exhaustion__listen_socket_for_loop_17.c	168	CWE400_Resource_Exhaustion__listen_socket_for_loop_17.c	223
/home/swlab-jueon/swvul/tools/java-vuln-detection/slicing/output/CPG/c/cwe400_cpg/cwe400-449-cpg-resolved.bin	tc449_flow3	CWE400_Resource_Exhaustion__listen_socket_for_loop_17.c	244	CWE400_Resource_Exhaustion__listen_socket_for_loop_17.c	251
/home/swlab-jueon/swvul/tools/java-vuln-detection/slicing/output/CPG/c/cwe400_cpg/cwe400-450-cpg-resolved.bin	tc450_flow1	CWE400_Resource_Exhaustion__listen_socket_for_loop_18.c	71	CWE400_Resource_Exhaustion__listen_socket_for_loop_18.c	125
/home/swlab-jueon/swvul/tools/java-vuln-detection/slicing/output/CPG/c/cwe400_cpg/cwe400-450-cpg-resolved.bin	tc450_flow2	CWE400_Resource_Exhaustion__listen_socket_for_loop_18.c	164	CWE400_Resource_Exhaustion__listen_socket_for_loop_18.c	218
/home/swlab-jueon/swvul/tools/java-vuln-detection/slicing/output/CPG/c/cwe400_cpg/cwe400-450-cpg-resolved.bin	tc450_flow3	CWE400_Resource_Exhaustion__listen_socket_for_loop_18.c	237	CWE400_Resource_Exhaustion__listen_socket_for_loop_18.c	243
/home/swlab-jueon/swvul/tools/java-vuln-detection/slicing/output/CPG/c/cwe400_cpg/cwe400-451-cpg-resolved.bin	tc451_flow1	CWE400_Resource_Exhaustion__listen_socket_for_loop_21.c	87	CWE400_Resource_Exhaustion__listen_socket_for_loop_21.c	54
/home/swlab-jueon/swvul/tools/java-vuln-detection/slicing/output/CPG/c/cwe400_cpg/cwe400-451-cpg-resolved.bin	tc451_flow2	CWE400_Resource_Exhaustion__listen_socket_for_loop_21.c	198	CWE400_Resource_Exhaustion__listen_socket_for_loop_21.c	162
/home/swlab-jueon/swvul/tools/java-vuln-detection/slicing/output/CPG/c/cwe400_cpg/cwe400-451-cpg-resolved.bin	tc451_flow3	CWE400_Resource_Exhaustion__listen_socket_for_loop_21.c	295	CWE400_Resource_Exhaustion__listen_socket_for_loop_21.c	259
/home/swlab-jueon/swvul/tools/java-vuln-detection/slicing/output/CPG/c/cwe400_cpg/cwe400-451-cpg-resolved.bin	tc451_flow4	CWE400_Resource_Exhaustion__listen_socket_for_loop_21.c	370	CWE400_Resource_Exhaustion__listen_socket_for_loop_21.c	356
/home/swlab-jueon/swvul/tools/java-vuln-detection/slicing/output/CPG/c/cwe400_cpg/cwe400-453-cpg-resolved.bin	tc453_flow1	CWE400_Resource_Exhaustion__listen_socket_for_loop_31.c	69	CWE400_Resource_Exhaustion__listen_socket_for_loop_31.c	124
/home/swlab-jueon/swvul/tools/java-vuln-detection/slicing/output/CPG/c/cwe400_cpg/cwe400-453-cpg-resolved.bin	tc453_flow2	CWE400_Resource_Exhaustion__listen_socket_for_loop_31.c	184	CWE400_Resource_Exhaustion__listen_socket_for_loop_31.c	239
/home/swlab-jueon/swvul/tools/java-vuln-detection/slicing/output/CPG/c/cwe400_cpg/cwe400-453-cpg-resolved.bin	tc453_flow3	CWE400_Resource_Exhaustion__listen_socket_for_loop_31.c	143	CWE400_Resource_Exhaustion__listen_socket_for_loop_31.c	150
/home/swlab-jueon/swvul/tools/java-vuln-detection/slicing/output/CPG/c/cwe400_cpg/cwe400-454-cpg-resolved.bin	tc454_flow1	CWE400_Resource_Exhaustion__listen_socket_for_loop_32.c	73	CWE400_Resource_Exhaustion__listen_socket_for_loop_32.c	129
/home/swlab-jueon/swvul/tools/java-vuln-detection/slicing/output/CPG/c/cwe400_cpg/cwe400-454-cpg-resolved.bin	tc454_flow2	CWE400_Resource_Exhaustion__listen_socket_for_loop_32.c	198	CWE400_Resource_Exhaustion__listen_socket_for_loop_32.c	254
/home/swlab-jueon/swvul/tools/java-vuln-detection/slicing/output/CPG/c/cwe400_cpg/cwe400-454-cpg-resolved.bin	tc454_flow3	CWE400_Resource_Exhaustion__listen_socket_for_loop_32.c	152	CWE400_Resource_Exhaustion__listen_socket_for_loop_32.c	160
/home/swlab-jueon/swvul/tools/java-vuln-detection/slicing/output/CPG/c/cwe400_cpg/cwe400-455-cpg-resolved.bin	tc455_flow1	CWE400_Resource_Exhaustion__listen_socket_for_loop_33.cpp	73	CWE400_Resource_Exhaustion__listen_socket_for_loop_33.cpp	127
/home/swlab-jueon/swvul/tools/java-vuln-detection/slicing/output/CPG/c/cwe400_cpg/cwe400-455-cpg-resolved.bin	tc455_flow2	CWE400_Resource_Exhaustion__listen_socket_for_loop_33.cpp	188	CWE400_Resource_Exhaustion__listen_socket_for_loop_33.cpp	242
/home/swlab-jueon/swvul/tools/java-vuln-detection/slicing/output/CPG/c/cwe400_cpg/cwe400-455-cpg-resolved.bin	tc455_flow3	CWE400_Resource_Exhaustion__listen_socket_for_loop_33.cpp	147	CWE400_Resource_Exhaustion__listen_socket_for_loop_33.cpp	153
/home/swlab-jueon/swvul/tools/java-vuln-detection/slicing/output/CPG/c/cwe400_cpg/cwe400-456-cpg-resolved.bin	tc456_flow1	CWE400_Resource_Exhaustion__listen_socket_for_loop_34.c	76	CWE400_Resource_Exhaustion__listen_socket_for_loop_34.c	131
/home/swlab-jueon/swvul/tools/java-vuln-detection/slicing/output/CPG/c/cwe400_cpg/cwe400-456-cpg-resolved.bin	tc456_flow2	CWE400_Resource_Exhaustion__listen_socket_for_loop_34.c	193	CWE400_Resource_Exhaustion__listen_socket_for_loop_34.c	248
/home/swlab-jueon/swvul/tools/java-vuln-detection/slicing/output/CPG/c/cwe400_cpg/cwe400-456-cpg-resolved.bin	tc456_flow3	CWE400_Resource_Exhaustion__listen_socket_for_loop_34.c	151	CWE400_Resource_Exhaustion__listen_socket_for_loop_34.c	158
/home/swlab-jueon/swvul/tools/java-vuln-detection/slicing/output/CPG/c/cwe400_cpg/cwe400-457-cpg-resolved.bin	tc457_flow1	CWE400_Resource_Exhaustion__listen_socket_for_loop_41.c	81	CWE400_Resource_Exhaustion__listen_socket_for_loop_41.c	49
/home/swlab-jueon/swvul/tools/java-vuln-detection/slicing/output/CPG/c/cwe400_cpg/cwe400-457-cpg-resolved.bin	tc457_flow2	CWE400_Resource_Exhaustion__listen_socket_for_loop_41.c	201	CWE400_Resource_Exhaustion__listen_socket_for_loop_41.c	166
/home/swlab-jueon/swvul/tools/java-vuln-detection/slicing/output/CPG/c/cwe400_cpg/cwe400-457-cpg-resolved.bin	tc457_flow3	CWE400_Resource_Exhaustion__listen_socket_for_loop_41.c	156	CWE400_Resource_Exhaustion__listen_socket_for_loop_41.c	143
/home/swlab-jueon/swvul/tools/java-vuln-detection/slicing/output/CPG/c/cwe400_cpg/cwe400-458-cpg-resolved.bin	tc458_flow2	CWE400_Resource_Exhaustion__listen_socket_for_loop_42.c	185	CWE400_Resource_Exhaustion__listen_socket_for_loop_42.c	246
/home/swlab-jueon/swvul/tools/java-vuln-detection/slicing/output/CPG/c/cwe400_cpg/cwe400-458-cpg-resolved.bin	tc458_flow3	CWE400_Resource_Exhaustion__listen_socket_for_loop_42.c	142	CWE400_Resource_Exhaustion__listen_socket_for_loop_42.c	155
/home/swlab-jueon/swvul/tools/java-vuln-detection/slicing/output/CPG/c/cwe400_cpg/cwe400-459-cpg-resolved.bin	tc459_flow1	CWE400_Resource_Exhaustion__listen_socket_for_loop_43.cpp	69	CWE400_Resource_Exhaustion__listen_socket_for_loop_43.cpp	129
/home/swlab-jueon/swvul/tools/java-vuln-detection/slicing/output/CPG/c/cwe400_cpg/cwe400-459-cpg-resolved.bin	tc459_flow2	CWE400_Resource_Exhaustion__listen_socket_for_loop_43.cpp	186	CWE400_Resource_Exhaustion__listen_socket_for_loop_43.cpp	246
/home/swlab-jueon/swvul/tools/java-vuln-detection/slicing/output/CPG/c/cwe400_cpg/cwe400-459-cpg-resolved.bin	tc459_flow3	CWE400_Resource_Exhaustion__listen_socket_for_loop_43.cpp	144	CWE400_Resource_Exhaustion__listen_socket_for_loop_43.cpp	156
/home/swlab-jueon/swvul/tools/java-vuln-detection/slicing/output/CPG/c/cwe400_cpg/cwe400-460-cpg-resolved.bin	tc460_flow1	CWE400_Resource_Exhaustion__listen_socket_for_loop_44.c	83	CWE400_Resource_Exhaustion__listen_socket_for_loop_44.c	49
/home/swlab-jueon/swvul/tools/java-vuln-detection/slicing/output/CPG/c/cwe400_cpg/cwe400-460-cpg-resolved.bin	tc460_flow2	CWE400_Resource_Exhaustion__listen_socket_for_loop_44.c	206	CWE400_Resource_Exhaustion__listen_socket_for_loop_44.c	170
/home/swlab-jueon/swvul/tools/java-vuln-detection/slicing/output/CPG/c/cwe400_cpg/cwe400-460-cpg-resolved.bin	tc460_flow3	CWE400_Resource_Exhaustion__listen_socket_for_loop_44.c	160	CWE400_Resource_Exhaustion__listen_socket_for_loop_44.c	146
/home/swlab-jueon/swvul/tools/java-vuln-detection/slicing/output/CPG/c/cwe400_cpg/cwe400-461-cpg-resolved.bin	tc461_flow1	CWE400_Resource_Exhaustion__listen_socket_for_loop_45.c	86	CWE400_Resource_Exhaustion__listen_socket_for_loop_45.c	54
/home/swlab-jueon/swvul/tools/java-vuln-detection/slicing/output/CPG/c/cwe400_cpg/cwe400-461-cpg-resolved.bin	tc461_flow2	CWE400_Resource_Exhaustion__listen_socket_for_loop_45.c	210	CWE400_Resource_Exhaustion__listen_socket_for_loop_45.c	175
/home/swlab-jueon/swvul/tools/java-vuln-detection/slicing/output/CPG/c/cwe400_cpg/cwe400-461-cpg-resolved.bin	tc461_flow3	CWE400_Resource_Exhaustion__listen_socket_for_loop_45.c	163	CWE400_Resource_Exhaustion__listen_socket_for_loop_45.c	150
/home/swlab-jueon/swvul/tools/java-vuln-detection/slicing/output/CPG/c/cwe400_cpg/cwe400-466-cpg-resolved.bin	tc466_flow2	CWE400_Resource_Exhaustion__listen_socket_for_loop_61b.c	153	CWE400_Resource_Exhaustion__listen_socket_for_loop_61a.c	98
/home/swlab-jueon/swvul/tools/java-vuln-detection/slicing/output/CPG/c/cwe400_cpg/cwe400-466-cpg-resolved.bin	tc466_flow3	CWE400_Resource_Exhaustion__listen_socket_for_loop_61b.c	126	CWE400_Resource_Exhaustion__listen_socket_for_loop_61a.c	79
/home/swlab-jueon/swvul/tools/java-vuln-detection/slicing/output/CPG/c/cwe400_cpg/cwe400-467-cpg-resolved.bin	tc467_flow1	CWE400_Resource_Exhaustion__listen_socket_for_loop_62b.cpp	69	CWE400_Resource_Exhaustion__listen_socket_for_loop_62a.cpp	37
/home/swlab-jueon/swvul/tools/java-vuln-detection/slicing/output/CPG/c/cwe400_cpg/cwe400-467-cpg-resolved.bin	tc467_flow2	CWE400_Resource_Exhaustion__listen_socket_for_loop_62b.cpp	154	CWE400_Resource_Exhaustion__listen_socket_for_loop_62a.cpp	79
/home/swlab-jueon/swvul/tools/java-vuln-detection/slicing/output/CPG/c/cwe400_cpg/cwe400-467-cpg-resolved.bin	tc467_flow3	CWE400_Resource_Exhaustion__listen_socket_for_loop_62b.cpp	128	CWE400_Resource_Exhaustion__listen_socket_for_loop_62a.cpp	60
/home/swlab-jueon/swvul/tools/java-vuln-detection/slicing/output/CPG/c/cwe400_cpg/cwe400-474-cpg-resolved.bin	tc474_flow1	CWE400_Resource_Exhaustion__listen_socket_for_loop_72a.cpp	79	CWE400_Resource_Exhaustion__listen_socket_for_loop_72b.cpp	35
/home/swlab-jueon/swvul/tools/java-vuln-detection/slicing/output/CPG/c/cwe400_cpg/cwe400-474-cpg-resolved.bin	tc474_flow2	CWE400_Resource_Exhaustion__listen_socket_for_loop_72a.cpp	186	CWE400_Resource_Exhaustion__listen_socket_for_loop_72b.cpp	67
/home/swlab-jueon/swvul/tools/java-vuln-detection/slicing/output/CPG/c/cwe400_cpg/cwe400-474-cpg-resolved.bin	tc474_flow3	CWE400_Resource_Exhaustion__listen_socket_for_loop_72a.cpp	149	CWE400_Resource_Exhaustion__listen_socket_for_loop_72b.cpp	53
/home/swlab-jueon/swvul/tools/java-vuln-detection/slicing/output/CPG/c/cwe400_cpg/cwe400-475-cpg-resolved.bin	tc475_flow1	CWE400_Resource_Exhaustion__listen_socket_for_loop_73a.cpp	79	CWE400_Resource_Exhaustion__listen_socket_for_loop_73b.cpp	35
/home/swlab-jueon/swvul/tools/java-vuln-detection/slicing/output/CPG/c/cwe400_cpg/cwe400-475-cpg-resolved.bin	tc475_flow2	CWE400_Resource_Exhaustion__listen_socket_for_loop_73a.cpp	186	CWE400_Resource_Exhaustion__listen_socket_for_loop_73b.cpp	67
/home/swlab-jueon/swvul/tools/java-vuln-detection/slicing/output/CPG/c/cwe400_cpg/cwe400-475-cpg-resolved.bin	tc475_flow3	CWE400_Resource_Exhaustion__listen_socket_for_loop_73a.cpp	149	CWE400_Resource_Exhaustion__listen_socket_for_loop_73b.cpp	53
/home/swlab-jueon/swvul/tools/java-vuln-detection/slicing/output/CPG/c/cwe400_cpg/cwe400-476-cpg-resolved.bin	tc476_flow1	CWE400_Resource_Exhaustion__listen_socket_for_loop_74a.cpp	79	CWE400_Resource_Exhaustion__listen_socket_for_loop_74b.cpp	35
/home/swlab-jueon/swvul/tools/java-vuln-detection/slicing/output/CPG/c/cwe400_cpg/cwe400-476-cpg-resolved.bin	tc476_flow2	CWE400_Resource_Exhaustion__listen_socket_for_loop_74a.cpp	186	CWE400_Resource_Exhaustion__listen_socket_for_loop_74b.cpp	67
/home/swlab-jueon/swvul/tools/java-vuln-detection/slicing/output/CPG/c/cwe400_cpg/cwe400-476-cpg-resolved.bin	tc476_flow3	CWE400_Resource_Exhaustion__listen_socket_for_loop_74a.cpp	149	CWE400_Resource_Exhaustion__listen_socket_for_loop_74b.cpp	53
/home/swlab-jueon/swvul/tools/java-vuln-detection/slicing/output/CPG/c/cwe400_cpg/cwe400-477-cpg-resolved.bin	tc477_flow1	CWE400_Resource_Exhaustion__listen_socket_for_loop_81a.cpp	73	CWE400_Resource_Exhaustion__listen_socket_for_loop_81_bad.cpp	30
/home/swlab-jueon/swvul/tools/java-vuln-detection/slicing/output/CPG/c/cwe400_cpg/cwe400-477-cpg-resolved.bin	tc477_flow2	CWE400_Resource_Exhaustion__listen_socket_for_loop_81a.cpp	168	CWE400_Resource_Exhaustion__listen_socket_for_loop_81_goodB2G.cpp	30
/home/swlab-jueon/swvul/tools/java-vuln-detection/slicing/output/CPG/c/cwe400_cpg/cwe400-477-cpg-resolved.bin	tc477_flow3	CWE400_Resource_Exhaustion__listen_socket_for_loop_81a.cpp	137	CWE400_Resource_Exhaustion__listen_socket_for_loop_81_goodG2B.cpp	30
/home/swlab-jueon/swvul/tools/java-vuln-detection/slicing/output/CPG/c/cwe400_cpg/cwe400-478-cpg-resolved.bin	tc478_flow1	CWE400_Resource_Exhaustion__listen_socket_for_loop_82a.cpp	73	CWE400_Resource_Exhaustion__listen_socket_for_loop_82_bad.cpp	30
/home/swlab-jueon/swvul/tools/java-vuln-detection/slicing/output/CPG/c/cwe400_cpg/cwe400-478-cpg-resolved.bin	tc478_flow2	CWE400_Resource_Exhaustion__listen_socket_for_loop_82a.cpp	170	CWE400_Resource_Exhaustion__listen_socket_for_loop_82_goodB2G.cpp	30
/home/swlab-jueon/swvul/tools/java-vuln-detection/slicing/output/CPG/c/cwe400_cpg/cwe400-478-cpg-resolved.bin	tc478_flow3	CWE400_Resource_Exhaustion__listen_socket_for_loop_82a.cpp	138	CWE400_Resource_Exhaustion__listen_socket_for_loop_82_goodG2B.cpp	30
/home/swlab-jueon/swvul/tools/java-vuln-detection/slicing/output/CPG/c/cwe400_cpg/cwe400-481-cpg-resolved.bin	tc481_flow1	CWE400_Resource_Exhaustion__listen_socket_fwrite_01.c	71	CWE400_Resource_Exhaustion__listen_socket_fwrite_01.c	131
/home/swlab-jueon/swvul/tools/java-vuln-detection/slicing/output/CPG/c/cwe400_cpg/cwe400-481-cpg-resolved.bin	tc481_flow2	CWE400_Resource_Exhaustion__listen_socket_fwrite_01.c	208	CWE400_Resource_Exhaustion__listen_socket_fwrite_01.c	262
/home/swlab-jueon/swvul/tools/java-vuln-detection/slicing/output/CPG/c/cwe400_cpg/cwe400-481-cpg-resolved.bin	tc481_flow3	CWE400_Resource_Exhaustion__listen_socket_fwrite_01.c	156	CWE400_Resource_Exhaustion__listen_socket_fwrite_01.c	168
/home/swlab-jueon/swvul/tools/java-vuln-detection/slicing/output/CPG/c/cwe400_cpg/cwe400-482-cpg-resolved.bin	tc482_flow1	CWE400_Resource_Exhaustion__listen_socket_fwrite_02.c	73	CWE400_Resource_Exhaustion__listen_socket_fwrite_02.c	136
/home/swlab-jueon/swvul/tools/java-vuln-detection/slicing/output/CPG/c/cwe400_cpg/cwe400-482-cpg-resolved.bin	tc482_flow2	CWE400_Resource_Exhaustion__listen_socket_fwrite_02.c	183	CWE400_Resource_Exhaustion__listen_socket_fwrite_02.c	245
/home/swlab-jueon/swvul/tools/java-vuln-detection/slicing/output/CPG/c/cwe400_cpg/cwe400-482-cpg-resolved.bin	tc482_flow3	CWE400_Resource_Exhaustion__listen_socket_fwrite_02.c	293	CWE400_Resource_Exhaustion__listen_socket_fwrite_02.c	350
/home/swlab-jueon/swvul/tools/java-vuln-detection/slicing/output/CPG/c/cwe400_cpg/cwe400-482-cpg-resolved.bin	tc482_flow4	CWE400_Resource_Exhaustion__listen_socket_fwrite_02.c	384	CWE400_Resource_Exhaustion__listen_socket_fwrite_02.c	399
/home/swlab-jueon/swvul/tools/java-vuln-detection/slicing/output/CPG/c/cwe400_cpg/cwe400-482-cpg-resolved.bin	tc482_flow5	CWE400_Resource_Exhaustion__listen_socket_fwrite_02.c	423	CWE400_Resource_Exhaustion__listen_socket_fwrite_02.c	438
/home/swlab-jueon/swvul/tools/java-vuln-detection/slicing/output/CPG/c/cwe400_cpg/cwe400-483-cpg-resolved.bin	tc483_flow1	CWE400_Resource_Exhaustion__listen_socket_fwrite_03.c	73	CWE400_Resource_Exhaustion__listen_socket_fwrite_03.c	136
/home/swlab-jueon/swvul/tools/java-vuln-detection/slicing/output/CPG/c/cwe400_cpg/cwe400-483-cpg-resolved.bin	tc483_flow2	CWE400_Resource_Exhaustion__listen_socket_fwrite_03.c	183	CWE400_Resource_Exhaustion__listen_socket_fwrite_03.c	245
/home/swlab-jueon/swvul/tools/java-vuln-detection/slicing/output/CPG/c/cwe400_cpg/cwe400-483-cpg-resolved.bin	tc483_flow3	CWE400_Resource_Exhaustion__listen_socket_fwrite_03.c	293	CWE400_Resource_Exhaustion__listen_socket_fwrite_03.c	350
/home/swlab-jueon/swvul/tools/java-vuln-detection/slicing/output/CPG/c/cwe400_cpg/cwe400-483-cpg-resolved.bin	tc483_flow4	CWE400_Resource_Exhaustion__listen_socket_fwrite_03.c	384	CWE400_Resource_Exhaustion__listen_socket_fwrite_03.c	399
/home/swlab-jueon/swvul/tools/java-vuln-detection/slicing/output/CPG/c/cwe400_cpg/cwe400-483-cpg-resolved.bin	tc483_flow5	CWE400_Resource_Exhaustion__listen_socket_fwrite_03.c	423	CWE400_Resource_Exhaustion__listen_socket_fwrite_03.c	438
/home/swlab-jueon/swvul/tools/java-vuln-detection/slicing/output/CPG/c/cwe400_cpg/cwe400-484-cpg-resolved.bin	tc484_flow1	CWE400_Resource_Exhaustion__listen_socket_fwrite_04.c	79	CWE400_Resource_Exhaustion__listen_socket_fwrite_04.c	142
/home/swlab-jueon/swvul/tools/java-vuln-detection/slicing/output/CPG/c/cwe400_cpg/cwe400-484-cpg-resolved.bin	tc484_flow2	CWE400_Resource_Exhaustion__listen_socket_fwrite_04.c	189	CWE400_Resource_Exhaustion__listen_socket_fwrite_04.c	251
/home/swlab-jueon/swvul/tools/java-vuln-detection/slicing/output/CPG/c/cwe400_cpg/cwe400-484-cpg-resolved.bin	tc484_flow3	CWE400_Resource_Exhaustion__listen_socket_fwrite_04.c	299	CWE400_Resource_Exhaustion__listen_socket_fwrite_04.c	356
/home/swlab-jueon/swvul/tools/java-vuln-detection/slicing/output/CPG/c/cwe400_cpg/cwe400-484-cpg-resolved.bin	tc484_flow4	CWE400_Resource_Exhaustion__listen_socket_fwrite_04.c	390	CWE400_Resource_Exhaustion__listen_socket_fwrite_04.c	405
/home/swlab-jueon/swvul/tools/java-vuln-detection/slicing/output/CPG/c/cwe400_cpg/cwe400-484-cpg-resolved.bin	tc484_flow5	CWE400_Resource_Exhaustion__listen_socket_fwrite_04.c	429	CWE400_Resource_Exhaustion__listen_socket_fwrite_04.c	444
/home/swlab-jueon/swvul/tools/java-vuln-detection/slicing/output/CPG/c/cwe400_cpg/cwe400-485-cpg-resolved.bin	tc485_flow1	CWE400_Resource_Exhaustion__listen_socket_fwrite_05.c	79	CWE400_Resource_Exhaustion__listen_socket_fwrite_05.c	142
/home/swlab-jueon/swvul/tools/java-vuln-detection/slicing/output/CPG/c/cwe400_cpg/cwe400-485-cpg-resolved.bin	tc485_flow2	CWE400_Resource_Exhaustion__listen_socket_fwrite_05.c	189	CWE400_Resource_Exhaustion__listen_socket_fwrite_05.c	251
/home/swlab-jueon/swvul/tools/java-vuln-detection/slicing/output/CPG/c/cwe400_cpg/cwe400-485-cpg-resolved.bin	tc485_flow3	CWE400_Resource_Exhaustion__listen_socket_fwrite_05.c	299	CWE400_Resource_Exhaustion__listen_socket_fwrite_05.c	356
/home/swlab-jueon/swvul/tools/java-vuln-detection/slicing/output/CPG/c/cwe400_cpg/cwe400-485-cpg-resolved.bin	tc485_flow4	CWE400_Resource_Exhaustion__listen_socket_fwrite_05.c	390	CWE400_Resource_Exhaustion__listen_socket_fwrite_05.c	405
/home/swlab-jueon/swvul/tools/java-vuln-detection/slicing/output/CPG/c/cwe400_cpg/cwe400-485-cpg-resolved.bin	tc485_flow5	CWE400_Resource_Exhaustion__listen_socket_fwrite_05.c	429	CWE400_Resource_Exhaustion__listen_socket_fwrite_05.c	444
/home/swlab-jueon/swvul/tools/java-vuln-detection/slicing/output/CPG/c/cwe400_cpg/cwe400-486-cpg-resolved.bin	tc486_flow1	CWE400_Resource_Exhaustion__listen_socket_fwrite_06.c	78	CWE400_Resource_Exhaustion__listen_socket_fwrite_06.c	141
/home/swlab-jueon/swvul/tools/java-vuln-detection/slicing/output/CPG/c/cwe400_cpg/cwe400-486-cpg-resolved.bin	tc486_flow2	CWE400_Resource_Exhaustion__listen_socket_fwrite_06.c	188	CWE400_Resource_Exhaustion__listen_socket_fwrite_06.c	250
/home/swlab-jueon/swvul/tools/java-vuln-detection/slicing/output/CPG/c/cwe400_cpg/cwe400-486-cpg-resolved.bin	tc486_flow3	CWE400_Resource_Exhaustion__listen_socket_fwrite_06.c	298	CWE400_Resource_Exhaustion__listen_socket_fwrite_06.c	355
/home/swlab-jueon/swvul/tools/java-vuln-detection/slicing/output/CPG/c/cwe400_cpg/cwe400-486-cpg-resolved.bin	tc486_flow4	CWE400_Resource_Exhaustion__listen_socket_fwrite_06.c	389	CWE400_Resource_Exhaustion__listen_socket_fwrite_06.c	404
/home/swlab-jueon/swvul/tools/java-vuln-detection/slicing/output/CPG/c/cwe400_cpg/cwe400-486-cpg-resolved.bin	tc486_flow5	CWE400_Resource_Exhaustion__listen_socket_fwrite_06.c	428	CWE400_Resource_Exhaustion__listen_socket_fwrite_06.c	443
/home/swlab-jueon/swvul/tools/java-vuln-detection/slicing/output/CPG/c/cwe400_cpg/cwe400-487-cpg-resolved.bin	tc487_flow1	CWE400_Resource_Exhaustion__listen_socket_fwrite_07.c	78	CWE400_Resource_Exhaustion__listen_socket_fwrite_07.c	141
/home/swlab-jueon/swvul/tools/java-vuln-detection/slicing/output/CPG/c/cwe400_cpg/cwe400-487-cpg-resolved.bin	tc487_flow2	CWE400_Resource_Exhaustion__listen_socket_fwrite_07.c	188	CWE400_Resource_Exhaustion__listen_socket_fwrite_07.c	250
/home/swlab-jueon/swvul/tools/java-vuln-detection/slicing/output/CPG/c/cwe400_cpg/cwe400-487-cpg-resolved.bin	tc487_flow3	CWE400_Resource_Exhaustion__listen_socket_fwrite_07.c	298	CWE400_Resource_Exhaustion__listen_socket_fwrite_07.c	355
/home/swlab-jueon/swvul/tools/java-vuln-detection/slicing/output/CPG/c/cwe400_cpg/cwe400-487-cpg-resolved.bin	tc487_flow4	CWE400_Resource_Exhaustion__listen_socket_fwrite_07.c	389	CWE400_Resource_Exhaustion__listen_socket_fwrite_07.c	404
/home/swlab-jueon/swvul/tools/java-vuln-detection/slicing/output/CPG/c/cwe400_cpg/cwe400-487-cpg-resolved.bin	tc487_flow5	CWE400_Resource_Exhaustion__listen_socket_fwrite_07.c	428	CWE400_Resource_Exhaustion__listen_socket_fwrite_07.c	443
/home/swlab-jueon/swvul/tools/java-vuln-detection/slicing/output/CPG/c/cwe400_cpg/cwe400-488-cpg-resolved.bin	tc488_flow1	CWE400_Resource_Exhaustion__listen_socket_fwrite_08.c	86	CWE400_Resource_Exhaustion__listen_socket_fwrite_08.c	149
/home/swlab-jueon/swvul/tools/java-vuln-detection/slicing/output/CPG/c/cwe400_cpg/cwe400-488-cpg-resolved.bin	tc488_flow2	CWE400_Resource_Exhaustion__listen_socket_fwrite_08.c	196	CWE400_Resource_Exhaustion__listen_socket_fwrite_08.c	258
/home/swlab-jueon/swvul/tools/java-vuln-detection/slicing/output/CPG/c/cwe400_cpg/cwe400-488-cpg-resolved.bin	tc488_flow3	CWE400_Resource_Exhaustion__listen_socket_fwrite_08.c	306	CWE400_Resource_Exhaustion__listen_socket_fwrite_08.c	363
/home/swlab-jueon/swvul/tools/java-vuln-detection/slicing/output/CPG/c/cwe400_cpg/cwe400-488-cpg-resolved.bin	tc488_flow4	CWE400_Resource_Exhaustion__listen_socket_fwrite_08.c	397	CWE400_Resource_Exhaustion__listen_socket_fwrite_08.c	412
/home/swlab-jueon/swvul/tools/java-vuln-detection/slicing/output/CPG/c/cwe400_cpg/cwe400-488-cpg-resolved.bin	tc488_flow5	CWE400_Resource_Exhaustion__listen_socket_fwrite_08.c	436	CWE400_Resource_Exhaustion__listen_socket_fwrite_08.c	451
/home/swlab-jueon/swvul/tools/java-vuln-detection/slicing/output/CPG/c/cwe400_cpg/cwe400-489-cpg-resolved.bin	tc489_flow1	CWE400_Resource_Exhaustion__listen_socket_fwrite_09.c	73	CWE400_Resource_Exhaustion__listen_socket_fwrite_09.c	136
/home/swlab-jueon/swvul/tools/java-vuln-detection/slicing/output/CPG/c/cwe400_cpg/cwe400-489-cpg-resolved.bin	tc489_flow2	CWE400_Resource_Exhaustion__listen_socket_fwrite_09.c	183	CWE400_Resource_Exhaustion__listen_socket_fwrite_09.c	245
/home/swlab-jueon/swvul/tools/java-vuln-detection/slicing/output/CPG/c/cwe400_cpg/cwe400-489-cpg-resolved.bin	tc489_flow3	CWE400_Resource_Exhaustion__listen_socket_fwrite_09.c	293	CWE400_Resource_Exhaustion__listen_socket_fwrite_09.c	350
/home/swlab-jueon/swvul/tools/java-vuln-detection/slicing/output/CPG/c/cwe400_cpg/cwe400-489-cpg-resolved.bin	tc489_flow4	CWE400_Resource_Exhaustion__listen_socket_fwrite_09.c	384	CWE400_Resource_Exhaustion__listen_socket_fwrite_09.c	399
/home/swlab-jueon/swvul/tools/java-vuln-detection/slicing/output/CPG/c/cwe400_cpg/cwe400-489-cpg-resolved.bin	tc489_flow5	CWE400_Resource_Exhaustion__listen_socket_fwrite_09.c	423	CWE400_Resource_Exhaustion__listen_socket_fwrite_09.c	438
/home/swlab-jueon/swvul/tools/java-vuln-detection/slicing/output/CPG/c/cwe400_cpg/cwe400-490-cpg-resolved.bin	tc490_flow1	CWE400_Resource_Exhaustion__listen_socket_fwrite_10.c	73	CWE400_Resource_Exhaustion__listen_socket_fwrite_10.c	136
/home/swlab-jueon/swvul/tools/java-vuln-detection/slicing/output/CPG/c/cwe400_cpg/cwe400-490-cpg-resolved.bin	tc490_flow2	CWE400_Resource_Exhaustion__listen_socket_fwrite_10.c	183	CWE400_Resource_Exhaustion__listen_socket_fwrite_10.c	245
/home/swlab-jueon/swvul/tools/java-vuln-detection/slicing/output/CPG/c/cwe400_cpg/cwe400-490-cpg-resolved.bin	tc490_flow3	CWE400_Resource_Exhaustion__listen_socket_fwrite_10.c	293	CWE400_Resource_Exhaustion__listen_socket_fwrite_10.c	350
/home/swlab-jueon/swvul/tools/java-vuln-detection/slicing/output/CPG/c/cwe400_cpg/cwe400-490-cpg-resolved.bin	tc490_flow4	CWE400_Resource_Exhaustion__listen_socket_fwrite_10.c	384	CWE400_Resource_Exhaustion__listen_socket_fwrite_10.c	399
/home/swlab-jueon/swvul/tools/java-vuln-detection/slicing/output/CPG/c/cwe400_cpg/cwe400-490-cpg-resolved.bin	tc490_flow5	CWE400_Resource_Exhaustion__listen_socket_fwrite_10.c	423	CWE400_Resource_Exhaustion__listen_socket_fwrite_10.c	438
/home/swlab-jueon/swvul/tools/java-vuln-detection/slicing/output/CPG/c/cwe400_cpg/cwe400-491-cpg-resolved.bin	tc491_flow1	CWE400_Resource_Exhaustion__listen_socket_fwrite_11.c	73	CWE400_Resource_Exhaustion__listen_socket_fwrite_11.c	136
/home/swlab-jueon/swvul/tools/java-vuln-detection/slicing/output/CPG/c/cwe400_cpg/cwe400-491-cpg-resolved.bin	tc491_flow2	CWE400_Resource_Exhaustion__listen_socket_fwrite_11.c	183	CWE400_Resource_Exhaustion__listen_socket_fwrite_11.c	245
/home/swlab-jueon/swvul/tools/java-vuln-detection/slicing/output/CPG/c/cwe400_cpg/cwe400-491-cpg-resolved.bin	tc491_flow3	CWE400_Resource_Exhaustion__listen_socket_fwrite_11.c	293	CWE400_Resource_Exhaustion__listen_socket_fwrite_11.c	350
/home/swlab-jueon/swvul/tools/java-vuln-detection/slicing/output/CPG/c/cwe400_cpg/cwe400-491-cpg-resolved.bin	tc491_flow4	CWE400_Resource_Exhaustion__listen_socket_fwrite_11.c	384	CWE400_Resource_Exhaustion__listen_socket_fwrite_11.c	399
/home/swlab-jueon/swvul/tools/java-vuln-detection/slicing/output/CPG/c/cwe400_cpg/cwe400-491-cpg-resolved.bin	tc491_flow5	CWE400_Resource_Exhaustion__listen_socket_fwrite_11.c	423	CWE400_Resource_Exhaustion__listen_socket_fwrite_11.c	438
/home/swlab-jueon/swvul/tools/java-vuln-detection/slicing/output/CPG/c/cwe400_cpg/cwe400-492-cpg-resolved.bin	tc492_flow2	CWE400_Resource_Exhaustion__listen_socket_fwrite_12.c	215	CWE400_Resource_Exhaustion__listen_socket_fwrite_12.c	369
/home/swlab-jueon/swvul/tools/java-vuln-detection/slicing/output/CPG/c/cwe400_cpg/cwe400-492-cpg-resolved.bin	tc492_flow3	CWE400_Resource_Exhaustion__listen_socket_fwrite_12.c	400	CWE400_Resource_Exhaustion__listen_socket_fwrite_12.c	446
/home/swlab-jueon/swvul/tools/java-vuln-detection/slicing/output/CPG/c/cwe400_cpg/cwe400-493-cpg-resolved.bin	tc493_flow1	CWE400_Resource_Exhaustion__listen_socket_fwrite_13.c	73	CWE400_Resource_Exhaustion__listen_socket_fwrite_13.c	136
/home/swlab-jueon/swvul/tools/java-vuln-detection/slicing/output/CPG/c/cwe400_cpg/cwe400-493-cpg-resolved.bin	tc493_flow2	CWE400_Resource_Exhaustion__listen_socket_fwrite_13.c	183	CWE400_Resource_Exhaustion__listen_socket_fwrite_13.c	245
/home/swlab-jueon/swvul/tools/java-vuln-detection/slicing/output/CPG/c/cwe400_cpg/cwe400-493-cpg-resolved.bin	tc493_flow3	CWE400_Resource_Exhaustion__listen_socket_fwrite_13.c	293	CWE400_Resource_Exhaustion__listen_socket_fwrite_13.c	350
/home/swlab-jueon/swvul/tools/java-vuln-detection/slicing/output/CPG/c/cwe400_cpg/cwe400-493-cpg-resolved.bin	tc493_flow4	CWE400_Resource_Exhaustion__listen_socket_fwrite_13.c	384	CWE400_Resource_Exhaustion__listen_socket_fwrite_13.c	399
/home/swlab-jueon/swvul/tools/java-vuln-detection/slicing/output/CPG/c/cwe400_cpg/cwe400-493-cpg-resolved.bin	tc493_flow5	CWE400_Resource_Exhaustion__listen_socket_fwrite_13.c	423	CWE400_Resource_Exhaustion__listen_socket_fwrite_13.c	438
/home/swlab-jueon/swvul/tools/java-vuln-detection/slicing/output/CPG/c/cwe400_cpg/cwe400-494-cpg-resolved.bin	tc494_flow1	CWE400_Resource_Exhaustion__listen_socket_fwrite_14.c	73	CWE400_Resource_Exhaustion__listen_socket_fwrite_14.c	136
/home/swlab-jueon/swvul/tools/java-vuln-detection/slicing/output/CPG/c/cwe400_cpg/cwe400-494-cpg-resolved.bin	tc494_flow2	CWE400_Resource_Exhaustion__listen_socket_fwrite_14.c	183	CWE400_Resource_Exhaustion__listen_socket_fwrite_14.c	245
/home/swlab-jueon/swvul/tools/java-vuln-detection/slicing/output/CPG/c/cwe400_cpg/cwe400-494-cpg-resolved.bin	tc494_flow3	CWE400_Resource_Exhaustion__listen_socket_fwrite_14.c	293	CWE400_Resource_Exhaustion__listen_socket_fwrite_14.c	350
/home/swlab-jueon/swvul/tools/java-vuln-detection/slicing/output/CPG/c/cwe400_cpg/cwe400-494-cpg-resolved.bin	tc494_flow4	CWE400_Resource_Exhaustion__listen_socket_fwrite_14.c	384	CWE400_Resource_Exhaustion__listen_socket_fwrite_14.c	399
/home/swlab-jueon/swvul/tools/java-vuln-detection/slicing/output/CPG/c/cwe400_cpg/cwe400-494-cpg-resolved.bin	tc494_flow5	CWE400_Resource_Exhaustion__listen_socket_fwrite_14.c	423	CWE400_Resource_Exhaustion__listen_socket_fwrite_14.c	438
/home/swlab-jueon/swvul/tools/java-vuln-detection/slicing/output/CPG/c/cwe400_cpg/cwe400-495-cpg-resolved.bin	tc495_flow1	CWE400_Resource_Exhaustion__listen_socket_fwrite_15.c	74	CWE400_Resource_Exhaustion__listen_socket_fwrite_15.c	143
/home/swlab-jueon/swvul/tools/java-vuln-detection/slicing/output/CPG/c/cwe400_cpg/cwe400-495-cpg-resolved.bin	tc495_flow2	CWE400_Resource_Exhaustion__listen_socket_fwrite_15.c	196	CWE400_Resource_Exhaustion__listen_socket_fwrite_15.c	263
/home/swlab-jueon/swvul/tools/java-vuln-detection/slicing/output/CPG/c/cwe400_cpg/cwe400-495-cpg-resolved.bin	tc495_flow3	CWE400_Resource_Exhaustion__listen_socket_fwrite_15.c	313	CWE400_Resource_Exhaustion__listen_socket_fwrite_15.c	376
/home/swlab-jueon/swvul/tools/java-vuln-detection/slicing/output/CPG/c/cwe400_cpg/cwe400-495-cpg-resolved.bin	tc495_flow4	CWE400_Resource_Exhaustion__listen_socket_fwrite_15.c	415	CWE400_Resource_Exhaustion__listen_socket_fwrite_15.c	432
/home/swlab-jueon/swvul/tools/java-vuln-detection/slicing/output/CPG/c/cwe400_cpg/cwe400-495-cpg-resolved.bin	tc495_flow5	CWE400_Resource_Exhaustion__listen_socket_fwrite_15.c	462	CWE400_Resource_Exhaustion__listen_socket_fwrite_15.c	483
/home/swlab-jueon/swvul/tools/java-vuln-detection/slicing/output/CPG/c/cwe400_cpg/cwe400-496-cpg-resolved.bin	tc496_flow1	CWE400_Resource_Exhaustion__listen_socket_fwrite_16.c	73	CWE400_Resource_Exhaustion__listen_socket_fwrite_16.c	137
/home/swlab-jueon/swvul/tools/java-vuln-detection/slicing/output/CPG/c/cwe400_cpg/cwe400-496-cpg-resolved.bin	tc496_flow2	CWE400_Resource_Exhaustion__listen_socket_fwrite_16.c	185	CWE400_Resource_Exhaustion__listen_socket_fwrite_16.c	243
/home/swlab-jueon/swvul/tools/java-vuln-detection/slicing/output/CPG/c/cwe400_cpg/cwe400-496-cpg-resolved.bin	tc496_flow3	CWE400_Resource_Exhaustion__listen_socket_fwrite_16.c	273	CWE400_Resource_Exhaustion__listen_socket_fwrite_16.c	289
/home/swlab-jueon/swvul/tools/java-vuln-detection/slicing/output/CPG/c/cwe400_cpg/cwe400-497-cpg-resolved.bin	tc497_flow1	CWE400_Resource_Exhaustion__listen_socket_fwrite_17.c	74	CWE400_Resource_Exhaustion__listen_socket_fwrite_17.c	137
/home/swlab-jueon/swvul/tools/java-vuln-detection/slicing/output/CPG/c/cwe400_cpg/cwe400-497-cpg-resolved.bin	tc497_flow2	CWE400_Resource_Exhaustion__listen_socket_fwrite_17.c	185	CWE400_Resource_Exhaustion__listen_socket_fwrite_17.c	242
/home/swlab-jueon/swvul/tools/java-vuln-detection/slicing/output/CPG/c/cwe400_cpg/cwe400-497-cpg-resolved.bin	tc497_flow3	CWE400_Resource_Exhaustion__listen_socket_fwrite_17.c	272	CWE400_Resource_Exhaustion__listen_socket_fwrite_17.c	287
/home/swlab-jueon/swvul/tools/java-vuln-detection/slicing/output/CPG/c/cwe400_cpg/cwe400-498-cpg-resolved.bin	tc498_flow1	CWE400_Resource_Exhaustion__listen_socket_fwrite_18.c	73	CWE400_Resource_Exhaustion__listen_socket_fwrite_18.c	135
/home/swlab-jueon/swvul/tools/java-vuln-detection/slicing/output/CPG/c/cwe400_cpg/cwe400-498-cpg-resolved.bin	tc498_flow2	CWE400_Resource_Exhaustion__listen_socket_fwrite_18.c	181	CWE400_Resource_Exhaustion__listen_socket_fwrite_18.c	237
/home/swlab-jueon/swvul/tools/java-vuln-detection/slicing/output/CPG/c/cwe400_cpg/cwe400-498-cpg-resolved.bin	tc498_flow3	CWE400_Resource_Exhaustion__listen_socket_fwrite_18.c	265	CWE400_Resource_Exhaustion__listen_socket_fwrite_18.c	279
/home/swlab-jueon/swvul/tools/java-vuln-detection/slicing/output/CPG/c/cwe400_cpg/cwe400-499-cpg-resolved.bin	tc499_flow1	CWE400_Resource_Exhaustion__listen_socket_fwrite_21.c	104	CWE400_Resource_Exhaustion__listen_socket_fwrite_21.c	64
/home/swlab-jueon/swvul/tools/java-vuln-detection/slicing/output/CPG/c/cwe400_cpg/cwe400-499-cpg-resolved.bin	tc499_flow2	CWE400_Resource_Exhaustion__listen_socket_fwrite_21.c	226	CWE400_Resource_Exhaustion__listen_socket_fwrite_21.c	181
/home/swlab-jueon/swvul/tools/java-vuln-detection/slicing/output/CPG/c/cwe400_cpg/cwe400-499-cpg-resolved.bin	tc499_flow3	CWE400_Resource_Exhaustion__listen_socket_fwrite_21.c	334	CWE400_Resource_Exhaustion__listen_socket_fwrite_21.c	289
/home/swlab-jueon/swvul/tools/java-vuln-detection/slicing/output/CPG/c/cwe400_cpg/cwe400-499-cpg-resolved.bin	tc499_flow4	CWE400_Resource_Exhaustion__listen_socket_fwrite_21.c	424	CWE400_Resource_Exhaustion__listen_socket_fwrite_21.c	403
/home/swlab-jueon/swvul/tools/java-vuln-detection/slicing/output/CPG/c/cwe400_cpg/cwe400-501-cpg-resolved.bin	tc501_flow1	CWE400_Resource_Exhaustion__listen_socket_fwrite_31.c	71	CWE400_Resource_Exhaustion__listen_socket_fwrite_31.c	134
/home/swlab-jueon/swvul/tools/java-vuln-detection/slicing/output/CPG/c/cwe400_cpg/cwe400-501-cpg-resolved.bin	tc501_flow2	CWE400_Resource_Exhaustion__listen_socket_fwrite_31.c	216	CWE400_Resource_Exhaustion__listen_socket_fwrite_31.c	273
/home/swlab-jueon/swvul/tools/java-vuln-detection/slicing/output/CPG/c/cwe400_cpg/cwe400-501-cpg-resolved.bin	tc501_flow3	CWE400_Resource_Exhaustion__listen_socket_fwrite_31.c	160	CWE400_Resource_Exhaustion__listen_socket_fwrite_31.c	175
/home/swlab-jueon/swvul/tools/java-vuln-detection/slicing/output/CPG/c/cwe400_cpg/cwe400-502-cpg-resolved.bin	tc502_flow1	CWE400_Resource_Exhaustion__listen_socket_fwrite_32.c	75	CWE400_Resource_Exhaustion__listen_socket_fwrite_32.c	139
/home/swlab-jueon/swvul/tools/java-vuln-detection/slicing/output/CPG/c/cwe400_cpg/cwe400-502-cpg-resolved.bin	tc502_flow2	CWE400_Resource_Exhaustion__listen_socket_fwrite_32.c	230	CWE400_Resource_Exhaustion__listen_socket_fwrite_32.c	288
/home/swlab-jueon/swvul/tools/java-vuln-detection/slicing/output/CPG/c/cwe400_cpg/cwe400-502-cpg-resolved.bin	tc502_flow3	CWE400_Resource_Exhaustion__listen_socket_fwrite_32.c	169	CWE400_Resource_Exhaustion__listen_socket_fwrite_32.c	185
/home/swlab-jueon/swvul/tools/java-vuln-detection/slicing/output/CPG/c/cwe400_cpg/cwe400-503-cpg-resolved.bin	tc503_flow1	CWE400_Resource_Exhaustion__listen_socket_fwrite_33.cpp	75	CWE400_Resource_Exhaustion__listen_socket_fwrite_33.cpp	137
/home/swlab-jueon/swvul/tools/java-vuln-detection/slicing/output/CPG/c/cwe400_cpg/cwe400-503-cpg-resolved.bin	tc503_flow2	CWE400_Resource_Exhaustion__listen_socket_fwrite_33.cpp	220	CWE400_Resource_Exhaustion__listen_socket_fwrite_33.cpp	276
/home/swlab-jueon/swvul/tools/java-vuln-detection/slicing/output/CPG/c/cwe400_cpg/cwe400-503-cpg-resolved.bin	tc503_flow3	CWE400_Resource_Exhaustion__listen_socket_fwrite_33.cpp	164	CWE400_Resource_Exhaustion__listen_socket_fwrite_33.cpp	178
/home/swlab-jueon/swvul/tools/java-vuln-detection/slicing/output/CPG/c/cwe400_cpg/cwe400-504-cpg-resolved.bin	tc504_flow1	CWE400_Resource_Exhaustion__listen_socket_fwrite_34.c	78	CWE400_Resource_Exhaustion__listen_socket_fwrite_34.c	141
/home/swlab-jueon/swvul/tools/java-vuln-detection/slicing/output/CPG/c/cwe400_cpg/cwe400-504-cpg-resolved.bin	tc504_flow2	CWE400_Resource_Exhaustion__listen_socket_fwrite_34.c	225	CWE400_Resource_Exhaustion__listen_socket_fwrite_34.c	282
/home/swlab-jueon/swvul/tools/java-vuln-detection/slicing/output/CPG/c/cwe400_cpg/cwe400-504-cpg-resolved.bin	tc504_flow3	CWE400_Resource_Exhaustion__listen_socket_fwrite_34.c	168	CWE400_Resource_Exhaustion__listen_socket_fwrite_34.c	183
/home/swlab-jueon/swvul/tools/java-vuln-detection/slicing/output/CPG/c/cwe400_cpg/cwe400-505-cpg-resolved.bin	tc505_flow1	CWE400_Resource_Exhaustion__listen_socket_fwrite_41.c	98	CWE400_Resource_Exhaustion__listen_socket_fwrite_41.c	59
/home/swlab-jueon/swvul/tools/java-vuln-detection/slicing/output/CPG/c/cwe400_cpg/cwe400-505-cpg-resolved.bin	tc505_flow2	CWE400_Resource_Exhaustion__listen_socket_fwrite_41.c	244	CWE400_Resource_Exhaustion__listen_socket_fwrite_41.c	200
/home/swlab-jueon/swvul/tools/java-vuln-detection/slicing/output/CPG/c/cwe400_cpg/cwe400-505-cpg-resolved.bin	tc505_flow3	CWE400_Resource_Exhaustion__listen_socket_fwrite_41.c	188	CWE400_Resource_Exhaustion__listen_socket_fwrite_41.c	168
/home/swlab-jueon/swvul/tools/java-vuln-detection/slicing/output/CPG/c/cwe400_cpg/cwe400-506-cpg-resolved.bin	tc506_flow2	CWE400_Resource_Exhaustion__listen_socket_fwrite_42.c	217	CWE400_Resource_Exhaustion__listen_socket_fwrite_42.c	280
/home/swlab-jueon/swvul/tools/java-vuln-detection/slicing/output/CPG/c/cwe400_cpg/cwe400-506-cpg-resolved.bin	tc506_flow3	CWE400_Resource_Exhaustion__listen_socket_fwrite_42.c	159	CWE400_Resource_Exhaustion__listen_socket_fwrite_42.c	180
/home/swlab-jueon/swvul/tools/java-vuln-detection/slicing/output/CPG/c/cwe400_cpg/cwe400-507-cpg-resolved.bin	tc507_flow1	CWE400_Resource_Exhaustion__listen_socket_fwrite_43.cpp	71	CWE400_Resource_Exhaustion__listen_socket_fwrite_43.cpp	139
/home/swlab-jueon/swvul/tools/java-vuln-detection/slicing/output/CPG/c/cwe400_cpg/cwe400-507-cpg-resolved.bin	tc507_flow2	CWE400_Resource_Exhaustion__listen_socket_fwrite_43.cpp	218	CWE400_Resource_Exhaustion__listen_socket_fwrite_43.cpp	280
/home/swlab-jueon/swvul/tools/java-vuln-detection/slicing/output/CPG/c/cwe400_cpg/cwe400-507-cpg-resolved.bin	tc507_flow3	CWE400_Resource_Exhaustion__listen_socket_fwrite_43.cpp	161	CWE400_Resource_Exhaustion__listen_socket_fwrite_43.cpp	181
/home/swlab-jueon/swvul/tools/java-vuln-detection/slicing/output/CPG/c/cwe400_cpg/cwe400-508-cpg-resolved.bin	tc508_flow1	CWE400_Resource_Exhaustion__listen_socket_fwrite_44.c	100	CWE400_Resource_Exhaustion__listen_socket_fwrite_44.c	59
/home/swlab-jueon/swvul/tools/java-vuln-detection/slicing/output/CPG/c/cwe400_cpg/cwe400-508-cpg-resolved.bin	tc508_flow2	CWE400_Resource_Exhaustion__listen_socket_fwrite_44.c	249	CWE400_Resource_Exhaustion__listen_socket_fwrite_44.c	204
/home/swlab-jueon/swvul/tools/java-vuln-detection/slicing/output/CPG/c/cwe400_cpg/cwe400-508-cpg-resolved.bin	tc508_flow3	CWE400_Resource_Exhaustion__listen_socket_fwrite_44.c	192	CWE400_Resource_Exhaustion__listen_socket_fwrite_44.c	171
/home/swlab-jueon/swvul/tools/java-vuln-detection/slicing/output/CPG/c/cwe400_cpg/cwe400-509-cpg-resolved.bin	tc509_flow1	CWE400_Resource_Exhaustion__listen_socket_fwrite_45.c	103	CWE400_Resource_Exhaustion__listen_socket_fwrite_45.c	64
/home/swlab-jueon/swvul/tools/java-vuln-detection/slicing/output/CPG/c/cwe400_cpg/cwe400-509-cpg-resolved.bin	tc509_flow2	CWE400_Resource_Exhaustion__listen_socket_fwrite_45.c	253	CWE400_Resource_Exhaustion__listen_socket_fwrite_45.c	209
/home/swlab-jueon/swvul/tools/java-vuln-detection/slicing/output/CPG/c/cwe400_cpg/cwe400-509-cpg-resolved.bin	tc509_flow3	CWE400_Resource_Exhaustion__listen_socket_fwrite_45.c	195	CWE400_Resource_Exhaustion__listen_socket_fwrite_45.c	175
/home/swlab-jueon/swvul/tools/java-vuln-detection/slicing/output/CPG/c/cwe400_cpg/cwe400-514-cpg-resolved.bin	tc514_flow2	CWE400_Resource_Exhaustion__listen_socket_fwrite_61b.c	155	CWE400_Resource_Exhaustion__listen_socket_fwrite_61a.c	132
/home/swlab-jueon/swvul/tools/java-vuln-detection/slicing/output/CPG/c/cwe400_cpg/cwe400-514-cpg-resolved.bin	tc514_flow3	CWE400_Resource_Exhaustion__listen_socket_fwrite_61b.c	128	CWE400_Resource_Exhaustion__listen_socket_fwrite_61a.c	104
/home/swlab-jueon/swvul/tools/java-vuln-detection/slicing/output/CPG/c/cwe400_cpg/cwe400-515-cpg-resolved.bin	tc515_flow1	CWE400_Resource_Exhaustion__listen_socket_fwrite_62b.cpp	69	CWE400_Resource_Exhaustion__listen_socket_fwrite_62a.cpp	47
/home/swlab-jueon/swvul/tools/java-vuln-detection/slicing/output/CPG/c/cwe400_cpg/cwe400-515-cpg-resolved.bin	tc515_flow2	CWE400_Resource_Exhaustion__listen_socket_fwrite_62b.cpp	154	CWE400_Resource_Exhaustion__listen_socket_fwrite_62a.cpp	113
/home/swlab-jueon/swvul/tools/java-vuln-detection/slicing/output/CPG/c/cwe400_cpg/cwe400-515-cpg-resolved.bin	tc515_flow3	CWE400_Resource_Exhaustion__listen_socket_fwrite_62b.cpp	128	CWE400_Resource_Exhaustion__listen_socket_fwrite_62a.cpp	85
/home/swlab-jueon/swvul/tools/java-vuln-detection/slicing/output/CPG/c/cwe400_cpg/cwe400-522-cpg-resolved.bin	tc522_flow1	CWE400_Resource_Exhaustion__listen_socket_fwrite_72a.cpp	79	CWE400_Resource_Exhaustion__listen_socket_fwrite_72b.cpp	45
/home/swlab-jueon/swvul/tools/java-vuln-detection/slicing/output/CPG/c/cwe400_cpg/cwe400-522-cpg-resolved.bin	tc522_flow2	CWE400_Resource_Exhaustion__listen_socket_fwrite_72a.cpp	186	CWE400_Resource_Exhaustion__listen_socket_fwrite_72b.cpp	101
/home/swlab-jueon/swvul/tools/java-vuln-detection/slicing/output/CPG/c/cwe400_cpg/cwe400-522-cpg-resolved.bin	tc522_flow3	CWE400_Resource_Exhaustion__listen_socket_fwrite_72a.cpp	149	CWE400_Resource_Exhaustion__listen_socket_fwrite_72b.cpp	78
/home/swlab-jueon/swvul/tools/java-vuln-detection/slicing/output/CPG/c/cwe400_cpg/cwe400-523-cpg-resolved.bin	tc523_flow1	CWE400_Resource_Exhaustion__listen_socket_fwrite_73a.cpp	79	CWE400_Resource_Exhaustion__listen_socket_fwrite_73b.cpp	45
/home/swlab-jueon/swvul/tools/java-vuln-detection/slicing/output/CPG/c/cwe400_cpg/cwe400-523-cpg-resolved.bin	tc523_flow2	CWE400_Resource_Exhaustion__listen_socket_fwrite_73a.cpp	186	CWE400_Resource_Exhaustion__listen_socket_fwrite_73b.cpp	101
/home/swlab-jueon/swvul/tools/java-vuln-detection/slicing/output/CPG/c/cwe400_cpg/cwe400-523-cpg-resolved.bin	tc523_flow3	CWE400_Resource_Exhaustion__listen_socket_fwrite_73a.cpp	149	CWE400_Resource_Exhaustion__listen_socket_fwrite_73b.cpp	78
/home/swlab-jueon/swvul/tools/java-vuln-detection/slicing/output/CPG/c/cwe400_cpg/cwe400-524-cpg-resolved.bin	tc524_flow1	CWE400_Resource_Exhaustion__listen_socket_fwrite_74a.cpp	79	CWE400_Resource_Exhaustion__listen_socket_fwrite_74b.cpp	45
/home/swlab-jueon/swvul/tools/java-vuln-detection/slicing/output/CPG/c/cwe400_cpg/cwe400-524-cpg-resolved.bin	tc524_flow2	CWE400_Resource_Exhaustion__listen_socket_fwrite_74a.cpp	186	CWE400_Resource_Exhaustion__listen_socket_fwrite_74b.cpp	101
/home/swlab-jueon/swvul/tools/java-vuln-detection/slicing/output/CPG/c/cwe400_cpg/cwe400-524-cpg-resolved.bin	tc524_flow3	CWE400_Resource_Exhaustion__listen_socket_fwrite_74a.cpp	149	CWE400_Resource_Exhaustion__listen_socket_fwrite_74b.cpp	78
/home/swlab-jueon/swvul/tools/java-vuln-detection/slicing/output/CPG/c/cwe400_cpg/cwe400-525-cpg-resolved.bin	tc525_flow1	CWE400_Resource_Exhaustion__listen_socket_fwrite_81a.cpp	73	CWE400_Resource_Exhaustion__listen_socket_fwrite_81_bad.cpp	40
/home/swlab-jueon/swvul/tools/java-vuln-detection/slicing/output/CPG/c/cwe400_cpg/cwe400-525-cpg-resolved.bin	tc525_flow2	CWE400_Resource_Exhaustion__listen_socket_fwrite_81a.cpp	168	CWE400_Resource_Exhaustion__listen_socket_fwrite_81_goodB2G.cpp	34
/home/swlab-jueon/swvul/tools/java-vuln-detection/slicing/output/CPG/c/cwe400_cpg/cwe400-525-cpg-resolved.bin	tc525_flow3	CWE400_Resource_Exhaustion__listen_socket_fwrite_81a.cpp	137	CWE400_Resource_Exhaustion__listen_socket_fwrite_81_goodG2B.cpp	40
/home/swlab-jueon/swvul/tools/java-vuln-detection/slicing/output/CPG/c/cwe400_cpg/cwe400-526-cpg-resolved.bin	tc526_flow1	CWE400_Resource_Exhaustion__listen_socket_fwrite_82a.cpp	73	CWE400_Resource_Exhaustion__listen_socket_fwrite_82_bad.cpp	40
/home/swlab-jueon/swvul/tools/java-vuln-detection/slicing/output/CPG/c/cwe400_cpg/cwe400-526-cpg-resolved.bin	tc526_flow2	CWE400_Resource_Exhaustion__listen_socket_fwrite_82a.cpp	170	CWE400_Resource_Exhaustion__listen_socket_fwrite_82_goodB2G.cpp	34
/home/swlab-jueon/swvul/tools/java-vuln-detection/slicing/output/CPG/c/cwe400_cpg/cwe400-526-cpg-resolved.bin	tc526_flow3	CWE400_Resource_Exhaustion__listen_socket_fwrite_82a.cpp	138	CWE400_Resource_Exhaustion__listen_socket_fwrite_82_goodG2B.cpp	40
/home/swlab-jueon/swvul/tools/java-vuln-detection/slicing/output/CPG/c/cwe400_cpg/cwe400-529-cpg-resolved.bin	tc529_flow1	CWE400_Resource_Exhaustion__listen_socket_sleep_01.c	75	CWE400_Resource_Exhaustion__listen_socket_sleep_01.c	125
/home/swlab-jueon/swvul/tools/java-vuln-detection/slicing/output/CPG/c/cwe400_cpg/cwe400-529-cpg-resolved.bin	tc529_flow2	CWE400_Resource_Exhaustion__listen_socket_sleep_01.c	172	CWE400_Resource_Exhaustion__listen_socket_sleep_01.c	222
/home/swlab-jueon/swvul/tools/java-vuln-detection/slicing/output/CPG/c/cwe400_cpg/cwe400-529-cpg-resolved.bin	tc529_flow3	CWE400_Resource_Exhaustion__listen_socket_sleep_01.c	140	CWE400_Resource_Exhaustion__listen_socket_sleep_01.c	142
/home/swlab-jueon/swvul/tools/java-vuln-detection/slicing/output/CPG/c/cwe400_cpg/cwe400-530-cpg-resolved.bin	tc530_flow1	CWE400_Resource_Exhaustion__listen_socket_sleep_02.c	77	CWE400_Resource_Exhaustion__listen_socket_sleep_02.c	130
/home/swlab-jueon/swvul/tools/java-vuln-detection/slicing/output/CPG/c/cwe400_cpg/cwe400-530-cpg-resolved.bin	tc530_flow2	CWE400_Resource_Exhaustion__listen_socket_sleep_02.c	167	CWE400_Resource_Exhaustion__listen_socket_sleep_02.c	225
/home/swlab-jueon/swvul/tools/java-vuln-detection/slicing/output/CPG/c/cwe400_cpg/cwe400-530-cpg-resolved.bin	tc530_flow3	CWE400_Resource_Exhaustion__listen_socket_sleep_02.c	265	CWE400_Resource_Exhaustion__listen_socket_sleep_02.c	318
/home/swlab-jueon/swvul/tools/java-vuln-detection/slicing/output/CPG/c/cwe400_cpg/cwe400-530-cpg-resolved.bin	tc530_flow4	CWE400_Resource_Exhaustion__listen_socket_sleep_02.c	344	CWE400_Resource_Exhaustion__listen_socket_sleep_02.c	349
/home/swlab-jueon/swvul/tools/java-vuln-detection/slicing/output/CPG/c/cwe400_cpg/cwe400-530-cpg-resolved.bin	tc530_flow5	CWE400_Resource_Exhaustion__listen_socket_sleep_02.c	363	CWE400_Resource_Exhaustion__listen_socket_sleep_02.c	368
/home/swlab-jueon/swvul/tools/java-vuln-detection/slicing/output/CPG/c/cwe400_cpg/cwe400-531-cpg-resolved.bin	tc531_flow1	CWE400_Resource_Exhaustion__listen_socket_sleep_03.c	77	CWE400_Resource_Exhaustion__listen_socket_sleep_03.c	130
/home/swlab-jueon/swvul/tools/java-vuln-detection/slicing/output/CPG/c/cwe400_cpg/cwe400-531-cpg-resolved.bin	tc531_flow2	CWE400_Resource_Exhaustion__listen_socket_sleep_03.c	167	CWE400_Resource_Exhaustion__listen_socket_sleep_03.c	225
/home/swlab-jueon/swvul/tools/java-vuln-detection/slicing/output/CPG/c/cwe400_cpg/cwe400-531-cpg-resolved.bin	tc531_flow3	CWE400_Resource_Exhaustion__listen_socket_sleep_03.c	265	CWE400_Resource_Exhaustion__listen_socket_sleep_03.c	318
/home/swlab-jueon/swvul/tools/java-vuln-detection/slicing/output/CPG/c/cwe400_cpg/cwe400-531-cpg-resolved.bin	tc531_flow4	CWE400_Resource_Exhaustion__listen_socket_sleep_03.c	344	CWE400_Resource_Exhaustion__listen_socket_sleep_03.c	349
/home/swlab-jueon/swvul/tools/java-vuln-detection/slicing/output/CPG/c/cwe400_cpg/cwe400-531-cpg-resolved.bin	tc531_flow5	CWE400_Resource_Exhaustion__listen_socket_sleep_03.c	363	CWE400_Resource_Exhaustion__listen_socket_sleep_03.c	368
/home/swlab-jueon/swvul/tools/java-vuln-detection/slicing/output/CPG/c/cwe400_cpg/cwe400-532-cpg-resolved.bin	tc532_flow1	CWE400_Resource_Exhaustion__listen_socket_sleep_04.c	83	CWE400_Resource_Exhaustion__listen_socket_sleep_04.c	136
/home/swlab-jueon/swvul/tools/java-vuln-detection/slicing/output/CPG/c/cwe400_cpg/cwe400-532-cpg-resolved.bin	tc532_flow2	CWE400_Resource_Exhaustion__listen_socket_sleep_04.c	173	CWE400_Resource_Exhaustion__listen_socket_sleep_04.c	231
/home/swlab-jueon/swvul/tools/java-vuln-detection/slicing/output/CPG/c/cwe400_cpg/cwe400-532-cpg-resolved.bin	tc532_flow3	CWE400_Resource_Exhaustion__listen_socket_sleep_04.c	271	CWE400_Resource_Exhaustion__listen_socket_sleep_04.c	324
/home/swlab-jueon/swvul/tools/java-vuln-detection/slicing/output/CPG/c/cwe400_cpg/cwe400-532-cpg-resolved.bin	tc532_flow4	CWE400_Resource_Exhaustion__listen_socket_sleep_04.c	350	CWE400_Resource_Exhaustion__listen_socket_sleep_04.c	355
/home/swlab-jueon/swvul/tools/java-vuln-detection/slicing/output/CPG/c/cwe400_cpg/cwe400-532-cpg-resolved.bin	tc532_flow5	CWE400_Resource_Exhaustion__listen_socket_sleep_04.c	369	CWE400_Resource_Exhaustion__listen_socket_sleep_04.c	374
/home/swlab-jueon/swvul/tools/java-vuln-detection/slicing/output/CPG/c/cwe400_cpg/cwe400-533-cpg-resolved.bin	tc533_flow1	CWE400_Resource_Exhaustion__listen_socket_sleep_05.c	83	CWE400_Resource_Exhaustion__listen_socket_sleep_05.c	136
/home/swlab-jueon/swvul/tools/java-vuln-detection/slicing/output/CPG/c/cwe400_cpg/cwe400-533-cpg-resolved.bin	tc533_flow2	CWE400_Resource_Exhaustion__listen_socket_sleep_05.c	173	CWE400_Resource_Exhaustion__listen_socket_sleep_05.c	231
/home/swlab-jueon/swvul/tools/java-vuln-detection/slicing/output/CPG/c/cwe400_cpg/cwe400-533-cpg-resolved.bin	tc533_flow3	CWE400_Resource_Exhaustion__listen_socket_sleep_05.c	271	CWE400_Resource_Exhaustion__listen_socket_sleep_05.c	324
/home/swlab-jueon/swvul/tools/java-vuln-detection/slicing/output/CPG/c/cwe400_cpg/cwe400-533-cpg-resolved.bin	tc533_flow4	CWE400_Resource_Exhaustion__listen_socket_sleep_05.c	350	CWE400_Resource_Exhaustion__listen_socket_sleep_05.c	355
/home/swlab-jueon/swvul/tools/java-vuln-detection/slicing/output/CPG/c/cwe400_cpg/cwe400-533-cpg-resolved.bin	tc533_flow5	CWE400_Resource_Exhaustion__listen_socket_sleep_05.c	369	CWE400_Resource_Exhaustion__listen_socket_sleep_05.c	374
/home/swlab-jueon/swvul/tools/java-vuln-detection/slicing/output/CPG/c/cwe400_cpg/cwe400-534-cpg-resolved.bin	tc534_flow1	CWE400_Resource_Exhaustion__listen_socket_sleep_06.c	82	CWE400_Resource_Exhaustion__listen_socket_sleep_06.c	135
/home/swlab-jueon/swvul/tools/java-vuln-detection/slicing/output/CPG/c/cwe400_cpg/cwe400-534-cpg-resolved.bin	tc534_flow2	CWE400_Resource_Exhaustion__listen_socket_sleep_06.c	172	CWE400_Resource_Exhaustion__listen_socket_sleep_06.c	230
/home/swlab-jueon/swvul/tools/java-vuln-detection/slicing/output/CPG/c/cwe400_cpg/cwe400-534-cpg-resolved.bin	tc534_flow3	CWE400_Resource_Exhaustion__listen_socket_sleep_06.c	270	CWE400_Resource_Exhaustion__listen_socket_sleep_06.c	323
/home/swlab-jueon/swvul/tools/java-vuln-detection/slicing/output/CPG/c/cwe400_cpg/cwe400-534-cpg-resolved.bin	tc534_flow4	CWE400_Resource_Exhaustion__listen_socket_sleep_06.c	349	CWE400_Resource_Exhaustion__listen_socket_sleep_06.c	354
/home/swlab-jueon/swvul/tools/java-vuln-detection/slicing/output/CPG/c/cwe400_cpg/cwe400-534-cpg-resolved.bin	tc534_flow5	CWE400_Resource_Exhaustion__listen_socket_sleep_06.c	368	CWE400_Resource_Exhaustion__listen_socket_sleep_06.c	373
/home/swlab-jueon/swvul/tools/java-vuln-detection/slicing/output/CPG/c/cwe400_cpg/cwe400-535-cpg-resolved.bin	tc535_flow1	CWE400_Resource_Exhaustion__listen_socket_sleep_07.c	82	CWE400_Resource_Exhaustion__listen_socket_sleep_07.c	135
/home/swlab-jueon/swvul/tools/java-vuln-detection/slicing/output/CPG/c/cwe400_cpg/cwe400-535-cpg-resolved.bin	tc535_flow2	CWE400_Resource_Exhaustion__listen_socket_sleep_07.c	172	CWE400_Resource_Exhaustion__listen_socket_sleep_07.c	230
/home/swlab-jueon/swvul/tools/java-vuln-detection/slicing/output/CPG/c/cwe400_cpg/cwe400-535-cpg-resolved.bin	tc535_flow3	CWE400_Resource_Exhaustion__listen_socket_sleep_07.c	270	CWE400_Resource_Exhaustion__listen_socket_sleep_07.c	323
/home/swlab-jueon/swvul/tools/java-vuln-detection/slicing/output/CPG/c/cwe400_cpg/cwe400-535-cpg-resolved.bin	tc535_flow4	CWE400_Resource_Exhaustion__listen_socket_sleep_07.c	349	CWE400_Resource_Exhaustion__listen_socket_sleep_07.c	354
/home/swlab-jueon/swvul/tools/java-vuln-detection/slicing/output/CPG/c/cwe400_cpg/cwe400-535-cpg-resolved.bin	tc535_flow5	CWE400_Resource_Exhaustion__listen_socket_sleep_07.c	368	CWE400_Resource_Exhaustion__listen_socket_sleep_07.c	373
/home/swlab-jueon/swvul/tools/java-vuln-detection/slicing/output/CPG/c/cwe400_cpg/cwe400-536-cpg-resolved.bin	tc536_flow1	CWE400_Resource_Exhaustion__listen_socket_sleep_08.c	90	CWE400_Resource_Exhaustion__listen_socket_sleep_08.c	143
/home/swlab-jueon/swvul/tools/java-vuln-detection/slicing/output/CPG/c/cwe400_cpg/cwe400-536-cpg-resolved.bin	tc536_flow2	CWE400_Resource_Exhaustion__listen_socket_sleep_08.c	180	CWE400_Resource_Exhaustion__listen_socket_sleep_08.c	238
/home/swlab-jueon/swvul/tools/java-vuln-detection/slicing/output/CPG/c/cwe400_cpg/cwe400-536-cpg-resolved.bin	tc536_flow3	CWE400_Resource_Exhaustion__listen_socket_sleep_08.c	278	CWE400_Resource_Exhaustion__listen_socket_sleep_08.c	331
/home/swlab-jueon/swvul/tools/java-vuln-detection/slicing/output/CPG/c/cwe400_cpg/cwe400-536-cpg-resolved.bin	tc536_flow4	CWE400_Resource_Exhaustion__listen_socket_sleep_08.c	357	CWE400_Resource_Exhaustion__listen_socket_sleep_08.c	362
/home/swlab-jueon/swvul/tools/java-vuln-detection/slicing/output/CPG/c/cwe400_cpg/cwe400-536-cpg-resolved.bin	tc536_flow5	CWE400_Resource_Exhaustion__listen_socket_sleep_08.c	376	CWE400_Resource_Exhaustion__listen_socket_sleep_08.c	381
/home/swlab-jueon/swvul/tools/java-vuln-detection/slicing/output/CPG/c/cwe400_cpg/cwe400-537-cpg-resolved.bin	tc537_flow1	CWE400_Resource_Exhaustion__listen_socket_sleep_09.c	77	CWE400_Resource_Exhaustion__listen_socket_sleep_09.c	130
/home/swlab-jueon/swvul/tools/java-vuln-detection/slicing/output/CPG/c/cwe400_cpg/cwe400-537-cpg-resolved.bin	tc537_flow2	CWE400_Resource_Exhaustion__listen_socket_sleep_09.c	167	CWE400_Resource_Exhaustion__listen_socket_sleep_09.c	225
/home/swlab-jueon/swvul/tools/java-vuln-detection/slicing/output/CPG/c/cwe400_cpg/cwe400-537-cpg-resolved.bin	tc537_flow3	CWE400_Resource_Exhaustion__listen_socket_sleep_09.c	265	CWE400_Resource_Exhaustion__listen_socket_sleep_09.c	318
/home/swlab-jueon/swvul/tools/java-vuln-detection/slicing/output/CPG/c/cwe400_cpg/cwe400-537-cpg-resolved.bin	tc537_flow4	CWE400_Resource_Exhaustion__listen_socket_sleep_09.c	344	CWE400_Resource_Exhaustion__listen_socket_sleep_09.c	349
/home/swlab-jueon/swvul/tools/java-vuln-detection/slicing/output/CPG/c/cwe400_cpg/cwe400-537-cpg-resolved.bin	tc537_flow5	CWE400_Resource_Exhaustion__listen_socket_sleep_09.c	363	CWE400_Resource_Exhaustion__listen_socket_sleep_09.c	368
/home/swlab-jueon/swvul/tools/java-vuln-detection/slicing/output/CPG/c/cwe400_cpg/cwe400-538-cpg-resolved.bin	tc538_flow1	CWE400_Resource_Exhaustion__listen_socket_sleep_10.c	77	CWE400_Resource_Exhaustion__listen_socket_sleep_10.c	130
/home/swlab-jueon/swvul/tools/java-vuln-detection/slicing/output/CPG/c/cwe400_cpg/cwe400-538-cpg-resolved.bin	tc538_flow2	CWE400_Resource_Exhaustion__listen_socket_sleep_10.c	167	CWE400_Resource_Exhaustion__listen_socket_sleep_10.c	225
/home/swlab-jueon/swvul/tools/java-vuln-detection/slicing/output/CPG/c/cwe400_cpg/cwe400-538-cpg-resolved.bin	tc538_flow3	CWE400_Resource_Exhaustion__listen_socket_sleep_10.c	265	CWE400_Resource_Exhaustion__listen_socket_sleep_10.c	318
/home/swlab-jueon/swvul/tools/java-vuln-detection/slicing/output/CPG/c/cwe400_cpg/cwe400-538-cpg-resolved.bin	tc538_flow4	CWE400_Resource_Exhaustion__listen_socket_sleep_10.c	344	CWE400_Resource_Exhaustion__listen_socket_sleep_10.c	349
/home/swlab-jueon/swvul/tools/java-vuln-detection/slicing/output/CPG/c/cwe400_cpg/cwe400-538-cpg-resolved.bin	tc538_flow5	CWE400_Resource_Exhaustion__listen_socket_sleep_10.c	363	CWE400_Resource_Exhaustion__listen_socket_sleep_10.c	368
/home/swlab-jueon/swvul/tools/java-vuln-detection/slicing/output/CPG/c/cwe400_cpg/cwe400-539-cpg-resolved.bin	tc539_flow1	CWE400_Resource_Exhaustion__listen_socket_sleep_11.c	77	CWE400_Resource_Exhaustion__listen_socket_sleep_11.c	130
/home/swlab-jueon/swvul/tools/java-vuln-detection/slicing/output/CPG/c/cwe400_cpg/cwe400-539-cpg-resolved.bin	tc539_flow2	CWE400_Resource_Exhaustion__listen_socket_sleep_11.c	167	CWE400_Resource_Exhaustion__listen_socket_sleep_11.c	225
/home/swlab-jueon/swvul/tools/java-vuln-detection/slicing/output/CPG/c/cwe400_cpg/cwe400-539-cpg-resolved.bin	tc539_flow3	CWE400_Resource_Exhaustion__listen_socket_sleep_11.c	265	CWE400_Resource_Exhaustion__listen_socket_sleep_11.c	318
/home/swlab-jueon/swvul/tools/java-vuln-detection/slicing/output/CPG/c/cwe400_cpg/cwe400-539-cpg-resolved.bin	tc539_flow4	CWE400_Resource_Exhaustion__listen_socket_sleep_11.c	344	CWE400_Resource_Exhaustion__listen_socket_sleep_11.c	349
/home/swlab-jueon/swvul/tools/java-vuln-detection/slicing/output/CPG/c/cwe400_cpg/cwe400-539-cpg-resolved.bin	tc539_flow5	CWE400_Resource_Exhaustion__listen_socket_sleep_11.c	363	CWE400_Resource_Exhaustion__listen_socket_sleep_11.c	368
/home/swlab-jueon/swvul/tools/java-vuln-detection/slicing/output/CPG/c/cwe400_cpg/cwe400-540-cpg-resolved.bin	tc540_flow2	CWE400_Resource_Exhaustion__listen_socket_sleep_12.c	187	CWE400_Resource_Exhaustion__listen_socket_sleep_12.c	325
/home/swlab-jueon/swvul/tools/java-vuln-detection/slicing/output/CPG/c/cwe400_cpg/cwe400-540-cpg-resolved.bin	tc540_flow3	CWE400_Resource_Exhaustion__listen_socket_sleep_12.c	348	CWE400_Resource_Exhaustion__listen_socket_sleep_12.c	364
/home/swlab-jueon/swvul/tools/java-vuln-detection/slicing/output/CPG/c/cwe400_cpg/cwe400-541-cpg-resolved.bin	tc541_flow1	CWE400_Resource_Exhaustion__listen_socket_sleep_13.c	77	CWE400_Resource_Exhaustion__listen_socket_sleep_13.c	130
/home/swlab-jueon/swvul/tools/java-vuln-detection/slicing/output/CPG/c/cwe400_cpg/cwe400-541-cpg-resolved.bin	tc541_flow2	CWE400_Resource_Exhaustion__listen_socket_sleep_13.c	167	CWE400_Resource_Exhaustion__listen_socket_sleep_13.c	225
/home/swlab-jueon/swvul/tools/java-vuln-detection/slicing/output/CPG/c/cwe400_cpg/cwe400-541-cpg-resolved.bin	tc541_flow3	CWE400_Resource_Exhaustion__listen_socket_sleep_13.c	265	CWE400_Resource_Exhaustion__listen_socket_sleep_13.c	318
/home/swlab-jueon/swvul/tools/java-vuln-detection/slicing/output/CPG/c/cwe400_cpg/cwe400-541-cpg-resolved.bin	tc541_flow4	CWE400_Resource_Exhaustion__listen_socket_sleep_13.c	344	CWE400_Resource_Exhaustion__listen_socket_sleep_13.c	349
/home/swlab-jueon/swvul/tools/java-vuln-detection/slicing/output/CPG/c/cwe400_cpg/cwe400-541-cpg-resolved.bin	tc541_flow5	CWE400_Resource_Exhaustion__listen_socket_sleep_13.c	363	CWE400_Resource_Exhaustion__listen_socket_sleep_13.c	368
/home/swlab-jueon/swvul/tools/java-vuln-detection/slicing/output/CPG/c/cwe400_cpg/cwe400-542-cpg-resolved.bin	tc542_flow1	CWE400_Resource_Exhaustion__listen_socket_sleep_14.c	77	CWE400_Resource_Exhaustion__listen_socket_sleep_14.c	130
/home/swlab-jueon/swvul/tools/java-vuln-detection/slicing/output/CPG/c/cwe400_cpg/cwe400-542-cpg-resolved.bin	tc542_flow2	CWE400_Resource_Exhaustion__listen_socket_sleep_14.c	167	CWE400_Resource_Exhaustion__listen_socket_sleep_14.c	225
/home/swlab-jueon/swvul/tools/java-vuln-detection/slicing/output/CPG/c/cwe400_cpg/cwe400-542-cpg-resolved.bin	tc542_flow3	CWE400_Resource_Exhaustion__listen_socket_sleep_14.c	265	CWE400_Resource_Exhaustion__listen_socket_sleep_14.c	318
/home/swlab-jueon/swvul/tools/java-vuln-detection/slicing/output/CPG/c/cwe400_cpg/cwe400-542-cpg-resolved.bin	tc542_flow4	CWE400_Resource_Exhaustion__listen_socket_sleep_14.c	344	CWE400_Resource_Exhaustion__listen_socket_sleep_14.c	349
/home/swlab-jueon/swvul/tools/java-vuln-detection/slicing/output/CPG/c/cwe400_cpg/cwe400-542-cpg-resolved.bin	tc542_flow5	CWE400_Resource_Exhaustion__listen_socket_sleep_14.c	363	CWE400_Resource_Exhaustion__listen_socket_sleep_14.c	368
/home/swlab-jueon/swvul/tools/java-vuln-detection/slicing/output/CPG/c/cwe400_cpg/cwe400-543-cpg-resolved.bin	tc543_flow1	CWE400_Resource_Exhaustion__listen_socket_sleep_15.c	78	CWE400_Resource_Exhaustion__listen_socket_sleep_15.c	137
/home/swlab-jueon/swvul/tools/java-vuln-detection/slicing/output/CPG/c/cwe400_cpg/cwe400-543-cpg-resolved.bin	tc543_flow2	CWE400_Resource_Exhaustion__listen_socket_sleep_15.c	180	CWE400_Resource_Exhaustion__listen_socket_sleep_15.c	243
/home/swlab-jueon/swvul/tools/java-vuln-detection/slicing/output/CPG/c/cwe400_cpg/cwe400-543-cpg-resolved.bin	tc543_flow3	CWE400_Resource_Exhaustion__listen_socket_sleep_15.c	285	CWE400_Resource_Exhaustion__listen_socket_sleep_15.c	344
/home/swlab-jueon/swvul/tools/java-vuln-detection/slicing/output/CPG/c/cwe400_cpg/cwe400-543-cpg-resolved.bin	tc543_flow4	CWE400_Resource_Exhaustion__listen_socket_sleep_15.c	375	CWE400_Resource_Exhaustion__listen_socket_sleep_15.c	382
/home/swlab-jueon/swvul/tools/java-vuln-detection/slicing/output/CPG/c/cwe400_cpg/cwe400-543-cpg-resolved.bin	tc543_flow5	CWE400_Resource_Exhaustion__listen_socket_sleep_15.c	402	CWE400_Resource_Exhaustion__listen_socket_sleep_15.c	413
/home/swlab-jueon/swvul/tools/java-vuln-detection/slicing/output/CPG/c/cwe400_cpg/cwe400-544-cpg-resolved.bin	tc544_flow1	CWE400_Resource_Exhaustion__listen_socket_sleep_16.c	77	CWE400_Resource_Exhaustion__listen_socket_sleep_16.c	131
/home/swlab-jueon/swvul/tools/java-vuln-detection/slicing/output/CPG/c/cwe400_cpg/cwe400-544-cpg-resolved.bin	tc544_flow2	CWE400_Resource_Exhaustion__listen_socket_sleep_16.c	169	CWE400_Resource_Exhaustion__listen_socket_sleep_16.c	223
/home/swlab-jueon/swvul/tools/java-vuln-detection/slicing/output/CPG/c/cwe400_cpg/cwe400-544-cpg-resolved.bin	tc544_flow3	CWE400_Resource_Exhaustion__listen_socket_sleep_16.c	245	CWE400_Resource_Exhaustion__listen_socket_sleep_16.c	251
/home/swlab-jueon/swvul/tools/java-vuln-detection/slicing/output/CPG/c/cwe400_cpg/cwe400-545-cpg-resolved.bin	tc545_flow1	CWE400_Resource_Exhaustion__listen_socket_sleep_17.c	78	CWE400_Resource_Exhaustion__listen_socket_sleep_17.c	131
/home/swlab-jueon/swvul/tools/java-vuln-detection/slicing/output/CPG/c/cwe400_cpg/cwe400-545-cpg-resolved.bin	tc545_flow2	CWE400_Resource_Exhaustion__listen_socket_sleep_17.c	169	CWE400_Resource_Exhaustion__listen_socket_sleep_17.c	222
/home/swlab-jueon/swvul/tools/java-vuln-detection/slicing/output/CPG/c/cwe400_cpg/cwe400-545-cpg-resolved.bin	tc545_flow3	CWE400_Resource_Exhaustion__listen_socket_sleep_17.c	244	CWE400_Resource_Exhaustion__listen_socket_sleep_17.c	249
/home/swlab-jueon/swvul/tools/java-vuln-detection/slicing/output/CPG/c/cwe400_cpg/cwe400-546-cpg-resolved.bin	tc546_flow1	CWE400_Resource_Exhaustion__listen_socket_sleep_18.c	77	CWE400_Resource_Exhaustion__listen_socket_sleep_18.c	129
/home/swlab-jueon/swvul/tools/java-vuln-detection/slicing/output/CPG/c/cwe400_cpg/cwe400-546-cpg-resolved.bin	tc546_flow2	CWE400_Resource_Exhaustion__listen_socket_sleep_18.c	165	CWE400_Resource_Exhaustion__listen_socket_sleep_18.c	217
/home/swlab-jueon/swvul/tools/java-vuln-detection/slicing/output/CPG/c/cwe400_cpg/cwe400-546-cpg-resolved.bin	tc546_flow3	CWE400_Resource_Exhaustion__listen_socket_sleep_18.c	237	CWE400_Resource_Exhaustion__listen_socket_sleep_18.c	241
/home/swlab-jueon/swvul/tools/java-vuln-detection/slicing/output/CPG/c/cwe400_cpg/cwe400-547-cpg-resolved.bin	tc547_flow1	CWE400_Resource_Exhaustion__listen_socket_sleep_21.c	88	CWE400_Resource_Exhaustion__listen_socket_sleep_21.c	58
/home/swlab-jueon/swvul/tools/java-vuln-detection/slicing/output/CPG/c/cwe400_cpg/cwe400-547-cpg-resolved.bin	tc547_flow2	CWE400_Resource_Exhaustion__listen_socket_sleep_21.c	198	CWE400_Resource_Exhaustion__listen_socket_sleep_21.c	161
/home/swlab-jueon/swvul/tools/java-vuln-detection/slicing/output/CPG/c/cwe400_cpg/cwe400-547-cpg-resolved.bin	tc547_flow3	CWE400_Resource_Exhaustion__listen_socket_sleep_21.c	294	CWE400_Resource_Exhaustion__listen_socket_sleep_21.c	257
/home/swlab-jueon/swvul/tools/java-vuln-detection/slicing/output/CPG/c/cwe400_cpg/cwe400-547-cpg-resolved.bin	tc547_flow4	CWE400_Resource_Exhaustion__listen_socket_sleep_21.c	364	CWE400_Resource_Exhaustion__listen_socket_sleep_21.c	353
/home/swlab-jueon/swvul/tools/java-vuln-detection/slicing/output/CPG/c/cwe400_cpg/cwe400-549-cpg-resolved.bin	tc549_flow1	CWE400_Resource_Exhaustion__listen_socket_sleep_31.c	75	CWE400_Resource_Exhaustion__listen_socket_sleep_31.c	128
/home/swlab-jueon/swvul/tools/java-vuln-detection/slicing/output/CPG/c/cwe400_cpg/cwe400-549-cpg-resolved.bin	tc549_flow2	CWE400_Resource_Exhaustion__listen_socket_sleep_31.c	180	CWE400_Resource_Exhaustion__listen_socket_sleep_31.c	233
/home/swlab-jueon/swvul/tools/java-vuln-detection/slicing/output/CPG/c/cwe400_cpg/cwe400-549-cpg-resolved.bin	tc549_flow3	CWE400_Resource_Exhaustion__listen_socket_sleep_31.c	144	CWE400_Resource_Exhaustion__listen_socket_sleep_31.c	149
/home/swlab-jueon/swvul/tools/java-vuln-detection/slicing/output/CPG/c/cwe400_cpg/cwe400-550-cpg-resolved.bin	tc550_flow1	CWE400_Resource_Exhaustion__listen_socket_sleep_32.c	79	CWE400_Resource_Exhaustion__listen_socket_sleep_32.c	133
/home/swlab-jueon/swvul/tools/java-vuln-detection/slicing/output/CPG/c/cwe400_cpg/cwe400-550-cpg-resolved.bin	tc550_flow2	CWE400_Resource_Exhaustion__listen_socket_sleep_32.c	194	CWE400_Resource_Exhaustion__listen_socket_sleep_32.c	248
/home/swlab-jueon/swvul/tools/java-vuln-detection/slicing/output/CPG/c/cwe400_cpg/cwe400-550-cpg-resolved.bin	tc550_flow3	CWE400_Resource_Exhaustion__listen_socket_sleep_32.c	153	CWE400_Resource_Exhaustion__listen_socket_sleep_32.c	159
/home/swlab-jueon/swvul/tools/java-vuln-detection/slicing/output/CPG/c/cwe400_cpg/cwe400-551-cpg-resolved.bin	tc551_flow1	CWE400_Resource_Exhaustion__listen_socket_sleep_33.cpp	79	CWE400_Resource_Exhaustion__listen_socket_sleep_33.cpp	131
/home/swlab-jueon/swvul/tools/java-vuln-detection/slicing/output/CPG/c/cwe400_cpg/cwe400-551-cpg-resolved.bin	tc551_flow2	CWE400_Resource_Exhaustion__listen_socket_sleep_33.cpp	184	CWE400_Resource_Exhaustion__listen_socket_sleep_33.cpp	236
/home/swlab-jueon/swvul/tools/java-vuln-detection/slicing/output/CPG/c/cwe400_cpg/cwe400-551-cpg-resolved.bin	tc551_flow3	CWE400_Resource_Exhaustion__listen_socket_sleep_33.cpp	148	CWE400_Resource_Exhaustion__listen_socket_sleep_33.cpp	152
/home/swlab-jueon/swvul/tools/java-vuln-detection/slicing/output/CPG/c/cwe400_cpg/cwe400-552-cpg-resolved.bin	tc552_flow1	CWE400_Resource_Exhaustion__listen_socket_sleep_34.c	82	CWE400_Resource_Exhaustion__listen_socket_sleep_34.c	135
/home/swlab-jueon/swvul/tools/java-vuln-detection/slicing/output/CPG/c/cwe400_cpg/cwe400-552-cpg-resolved.bin	tc552_flow2	CWE400_Resource_Exhaustion__listen_socket_sleep_34.c	189	CWE400_Resource_Exhaustion__listen_socket_sleep_34.c	242
/home/swlab-jueon/swvul/tools/java-vuln-detection/slicing/output/CPG/c/cwe400_cpg/cwe400-552-cpg-resolved.bin	tc552_flow3	CWE400_Resource_Exhaustion__listen_socket_sleep_34.c	152	CWE400_Resource_Exhaustion__listen_socket_sleep_34.c	157
/home/swlab-jueon/swvul/tools/java-vuln-detection/slicing/output/CPG/c/cwe400_cpg/cwe400-553-cpg-resolved.bin	tc553_flow1	CWE400_Resource_Exhaustion__listen_socket_sleep_41.c	82	CWE400_Resource_Exhaustion__listen_socket_sleep_41.c	53
/home/swlab-jueon/swvul/tools/java-vuln-detection/slicing/output/CPG/c/cwe400_cpg/cwe400-553-cpg-resolved.bin	tc553_flow2	CWE400_Resource_Exhaustion__listen_socket_sleep_41.c	196	CWE400_Resource_Exhaustion__listen_socket_sleep_41.c	160
/home/swlab-jueon/swvul/tools/java-vuln-detection/slicing/output/CPG/c/cwe400_cpg/cwe400-553-cpg-resolved.bin	tc553_flow3	CWE400_Resource_Exhaustion__listen_socket_sleep_41.c	152	CWE400_Resource_Exhaustion__listen_socket_sleep_41.c	142
/home/swlab-jueon/swvul/tools/java-vuln-detection/slicing/output/CPG/c/cwe400_cpg/cwe400-554-cpg-resolved.bin	tc554_flow2	CWE400_Resource_Exhaustion__listen_socket_sleep_42.c	181	CWE400_Resource_Exhaustion__listen_socket_sleep_42.c	240
/home/swlab-jueon/swvul/tools/java-vuln-detection/slicing/output/CPG/c/cwe400_cpg/cwe400-554-cpg-resolved.bin	tc554_flow3	CWE400_Resource_Exhaustion__listen_socket_sleep_42.c	143	CWE400_Resource_Exhaustion__listen_socket_sleep_42.c	154
/home/swlab-jueon/swvul/tools/java-vuln-detection/slicing/output/CPG/c/cwe400_cpg/cwe400-555-cpg-resolved.bin	tc555_flow1	CWE400_Resource_Exhaustion__listen_socket_sleep_43.cpp	75	CWE400_Resource_Exhaustion__listen_socket_sleep_43.cpp	133
/home/swlab-jueon/swvul/tools/java-vuln-detection/slicing/output/CPG/c/cwe400_cpg/cwe400-555-cpg-resolved.bin	tc555_flow2	CWE400_Resource_Exhaustion__listen_socket_sleep_43.cpp	182	CWE400_Resource_Exhaustion__listen_socket_sleep_43.cpp	240
/home/swlab-jueon/swvul/tools/java-vuln-detection/slicing/output/CPG/c/cwe400_cpg/cwe400-555-cpg-resolved.bin	tc555_flow3	CWE400_Resource_Exhaustion__listen_socket_sleep_43.cpp	145	CWE400_Resource_Exhaustion__listen_socket_sleep_43.cpp	155
/home/swlab-jueon/swvul/tools/java-vuln-detection/slicing/output/CPG/c/cwe400_cpg/cwe400-556-cpg-resolved.bin	tc556_flow1	CWE400_Resource_Exhaustion__listen_socket_sleep_44.c	84	CWE400_Resource_Exhaustion__listen_socket_sleep_44.c	53
/home/swlab-jueon/swvul/tools/java-vuln-detection/slicing/output/CPG/c/cwe400_cpg/cwe400-556-cpg-resolved.bin	tc556_flow2	CWE400_Resource_Exhaustion__listen_socket_sleep_44.c	201	CWE400_Resource_Exhaustion__listen_socket_sleep_44.c	164
/home/swlab-jueon/swvul/tools/java-vuln-detection/slicing/output/CPG/c/cwe400_cpg/cwe400-556-cpg-resolved.bin	tc556_flow3	CWE400_Resource_Exhaustion__listen_socket_sleep_44.c	156	CWE400_Resource_Exhaustion__listen_socket_sleep_44.c	145
/home/swlab-jueon/swvul/tools/java-vuln-detection/slicing/output/CPG/c/cwe400_cpg/cwe400-557-cpg-resolved.bin	tc557_flow1	CWE400_Resource_Exhaustion__listen_socket_sleep_45.c	87	CWE400_Resource_Exhaustion__listen_socket_sleep_45.c	58
/home/swlab-jueon/swvul/tools/java-vuln-detection/slicing/output/CPG/c/cwe400_cpg/cwe400-557-cpg-resolved.bin	tc557_flow2	CWE400_Resource_Exhaustion__listen_socket_sleep_45.c	205	CWE400_Resource_Exhaustion__listen_socket_sleep_45.c	169
/home/swlab-jueon/swvul/tools/java-vuln-detection/slicing/output/CPG/c/cwe400_cpg/cwe400-557-cpg-resolved.bin	tc557_flow3	CWE400_Resource_Exhaustion__listen_socket_sleep_45.c	159	CWE400_Resource_Exhaustion__listen_socket_sleep_45.c	149
/home/swlab-jueon/swvul/tools/java-vuln-detection/slicing/output/CPG/c/cwe400_cpg/cwe400-562-cpg-resolved.bin	tc562_flow2	CWE400_Resource_Exhaustion__listen_socket_sleep_61b.c	159	CWE400_Resource_Exhaustion__listen_socket_sleep_61a.c	92
/home/swlab-jueon/swvul/tools/java-vuln-detection/slicing/output/CPG/c/cwe400_cpg/cwe400-562-cpg-resolved.bin	tc562_flow3	CWE400_Resource_Exhaustion__listen_socket_sleep_61b.c	132	CWE400_Resource_Exhaustion__listen_socket_sleep_61a.c	78
/home/swlab-jueon/swvul/tools/java-vuln-detection/slicing/output/CPG/c/cwe400_cpg/cwe400-563-cpg-resolved.bin	tc563_flow1	CWE400_Resource_Exhaustion__listen_socket_sleep_62b.cpp	69	CWE400_Resource_Exhaustion__listen_socket_sleep_62a.cpp	43
/home/swlab-jueon/swvul/tools/java-vuln-detection/slicing/output/CPG/c/cwe400_cpg/cwe400-563-cpg-resolved.bin	tc563_flow2	CWE400_Resource_Exhaustion__listen_socket_sleep_62b.cpp	154	CWE400_Resource_Exhaustion__listen_socket_sleep_62a.cpp	75
/home/swlab-jueon/swvul/tools/java-vuln-detection/slicing/output/CPG/c/cwe400_cpg/cwe400-563-cpg-resolved.bin	tc563_flow3	CWE400_Resource_Exhaustion__listen_socket_sleep_62b.cpp	128	CWE400_Resource_Exhaustion__listen_socket_sleep_62a.cpp	61
/home/swlab-jueon/swvul/tools/java-vuln-detection/slicing/output/CPG/c/cwe400_cpg/cwe400-570-cpg-resolved.bin	tc570_flow1	CWE400_Resource_Exhaustion__listen_socket_sleep_72a.cpp	79	CWE400_Resource_Exhaustion__listen_socket_sleep_72b.cpp	41
/home/swlab-jueon/swvul/tools/java-vuln-detection/slicing/output/CPG/c/cwe400_cpg/cwe400-570-cpg-resolved.bin	tc570_flow2	CWE400_Resource_Exhaustion__listen_socket_sleep_72a.cpp	186	CWE400_Resource_Exhaustion__listen_socket_sleep_72b.cpp	63
/home/swlab-jueon/swvul/tools/java-vuln-detection/slicing/output/CPG/c/cwe400_cpg/cwe400-570-cpg-resolved.bin	tc570_flow3	CWE400_Resource_Exhaustion__listen_socket_sleep_72a.cpp	149	CWE400_Resource_Exhaustion__listen_socket_sleep_72b.cpp	54
/home/swlab-jueon/swvul/tools/java-vuln-detection/slicing/output/CPG/c/cwe400_cpg/cwe400-571-cpg-resolved.bin	tc571_flow1	CWE400_Resource_Exhaustion__listen_socket_sleep_73a.cpp	79	CWE400_Resource_Exhaustion__listen_socket_sleep_73b.cpp	41
/home/swlab-jueon/swvul/tools/java-vuln-detection/slicing/output/CPG/c/cwe400_cpg/cwe400-571-cpg-resolved.bin	tc571_flow2	CWE400_Resource_Exhaustion__listen_socket_sleep_73a.cpp	186	CWE400_Resource_Exhaustion__listen_socket_sleep_73b.cpp	63
/home/swlab-jueon/swvul/tools/java-vuln-detection/slicing/output/CPG/c/cwe400_cpg/cwe400-571-cpg-resolved.bin	tc571_flow3	CWE400_Resource_Exhaustion__listen_socket_sleep_73a.cpp	149	CWE400_Resource_Exhaustion__listen_socket_sleep_73b.cpp	54
/home/swlab-jueon/swvul/tools/java-vuln-detection/slicing/output/CPG/c/cwe400_cpg/cwe400-572-cpg-resolved.bin	tc572_flow1	CWE400_Resource_Exhaustion__listen_socket_sleep_74a.cpp	79	CWE400_Resource_Exhaustion__listen_socket_sleep_74b.cpp	41
/home/swlab-jueon/swvul/tools/java-vuln-detection/slicing/output/CPG/c/cwe400_cpg/cwe400-572-cpg-resolved.bin	tc572_flow2	CWE400_Resource_Exhaustion__listen_socket_sleep_74a.cpp	186	CWE400_Resource_Exhaustion__listen_socket_sleep_74b.cpp	63
/home/swlab-jueon/swvul/tools/java-vuln-detection/slicing/output/CPG/c/cwe400_cpg/cwe400-572-cpg-resolved.bin	tc572_flow3	CWE400_Resource_Exhaustion__listen_socket_sleep_74a.cpp	149	CWE400_Resource_Exhaustion__listen_socket_sleep_74b.cpp	54
/home/swlab-jueon/swvul/tools/java-vuln-detection/slicing/output/CPG/c/cwe400_cpg/cwe400-573-cpg-resolved.bin	tc573_flow1	CWE400_Resource_Exhaustion__listen_socket_sleep_81a.cpp	73	CWE400_Resource_Exhaustion__listen_socket_sleep_81_bad.cpp	36
/home/swlab-jueon/swvul/tools/java-vuln-detection/slicing/output/CPG/c/cwe400_cpg/cwe400-573-cpg-resolved.bin	tc573_flow2	CWE400_Resource_Exhaustion__listen_socket_sleep_81a.cpp	168	CWE400_Resource_Exhaustion__listen_socket_sleep_81_goodB2G.cpp	36
/home/swlab-jueon/swvul/tools/java-vuln-detection/slicing/output/CPG/c/cwe400_cpg/cwe400-573-cpg-resolved.bin	tc573_flow3	CWE400_Resource_Exhaustion__listen_socket_sleep_81a.cpp	137	CWE400_Resource_Exhaustion__listen_socket_sleep_81_goodG2B.cpp	36
/home/swlab-jueon/swvul/tools/java-vuln-detection/slicing/output/CPG/c/cwe400_cpg/cwe400-574-cpg-resolved.bin	tc574_flow1	CWE400_Resource_Exhaustion__listen_socket_sleep_82a.cpp	73	CWE400_Resource_Exhaustion__listen_socket_sleep_82_bad.cpp	36
/home/swlab-jueon/swvul/tools/java-vuln-detection/slicing/output/CPG/c/cwe400_cpg/cwe400-574-cpg-resolved.bin	tc574_flow2	CWE400_Resource_Exhaustion__listen_socket_sleep_82a.cpp	170	CWE400_Resource_Exhaustion__listen_socket_sleep_82_goodB2G.cpp	36
/home/swlab-jueon/swvul/tools/java-vuln-detection/slicing/output/CPG/c/cwe400_cpg/cwe400-574-cpg-resolved.bin	tc574_flow3	CWE400_Resource_Exhaustion__listen_socket_sleep_82a.cpp	138	CWE400_Resource_Exhaustion__listen_socket_sleep_82_goodG2B.cpp	36
/home/swlab-jueon/swvul/tools/java-vuln-detection/slicing/output/CPG/c/cwe400_cpg/cwe400-577-cpg-resolved.bin	tc577_flow1	CWE400_Resource_Exhaustion__rand_for_loop_01.c	28	CWE400_Resource_Exhaustion__rand_for_loop_01.c	32
/home/swlab-jueon/swvul/tools/java-vuln-detection/slicing/output/CPG/c/cwe400_cpg/cwe400-577-cpg-resolved.bin	tc577_flow2	CWE400_Resource_Exhaustion__rand_for_loop_01.c	68	CWE400_Resource_Exhaustion__rand_for_loop_01.c	72
/home/swlab-jueon/swvul/tools/java-vuln-detection/slicing/output/CPG/c/cwe400_cpg/cwe400-577-cpg-resolved.bin	tc577_flow3	CWE400_Resource_Exhaustion__rand_for_loop_01.c	50	CWE400_Resource_Exhaustion__rand_for_loop_01.c	54
/home/swlab-jueon/swvul/tools/java-vuln-detection/slicing/output/CPG/c/cwe400_cpg/cwe400-578-cpg-resolved.bin	tc578_flow1	CWE400_Resource_Exhaustion__rand_for_loop_02.c	30	CWE400_Resource_Exhaustion__rand_for_loop_02.c	37
/home/swlab-jueon/swvul/tools/java-vuln-detection/slicing/output/CPG/c/cwe400_cpg/cwe400-578-cpg-resolved.bin	tc578_flow2	CWE400_Resource_Exhaustion__rand_for_loop_02.c	58	CWE400_Resource_Exhaustion__rand_for_loop_02.c	70
/home/swlab-jueon/swvul/tools/java-vuln-detection/slicing/output/CPG/c/cwe400_cpg/cwe400-578-cpg-resolved.bin	tc578_flow3	CWE400_Resource_Exhaustion__rand_for_loop_02.c	90	CWE400_Resource_Exhaustion__rand_for_loop_02.c	97
/home/swlab-jueon/swvul/tools/java-vuln-detection/slicing/output/CPG/c/cwe400_cpg/cwe400-578-cpg-resolved.bin	tc578_flow4	CWE400_Resource_Exhaustion__rand_for_loop_02.c	122	CWE400_Resource_Exhaustion__rand_for_loop_02.c	129
/home/swlab-jueon/swvul/tools/java-vuln-detection/slicing/output/CPG/c/cwe400_cpg/cwe400-578-cpg-resolved.bin	tc578_flow5	CWE400_Resource_Exhaustion__rand_for_loop_02.c	146	CWE400_Resource_Exhaustion__rand_for_loop_02.c	153
/home/swlab-jueon/swvul/tools/java-vuln-detection/slicing/output/CPG/c/cwe400_cpg/cwe400-579-cpg-resolved.bin	tc579_flow1	CWE400_Resource_Exhaustion__rand_for_loop_03.c	30	CWE400_Resource_Exhaustion__rand_for_loop_03.c	37
/home/swlab-jueon/swvul/tools/java-vuln-detection/slicing/output/CPG/c/cwe400_cpg/cwe400-579-cpg-resolved.bin	tc579_flow2	CWE400_Resource_Exhaustion__rand_for_loop_03.c	58	CWE400_Resource_Exhaustion__rand_for_loop_03.c	70
/home/swlab-jueon/swvul/tools/java-vuln-detection/slicing/output/CPG/c/cwe400_cpg/cwe400-579-cpg-resolved.bin	tc579_flow3	CWE400_Resource_Exhaustion__rand_for_loop_03.c	90	CWE400_Resource_Exhaustion__rand_for_loop_03.c	97
/home/swlab-jueon/swvul/tools/java-vuln-detection/slicing/output/CPG/c/cwe400_cpg/cwe400-579-cpg-resolved.bin	tc579_flow4	CWE400_Resource_Exhaustion__rand_for_loop_03.c	122	CWE400_Resource_Exhaustion__rand_for_loop_03.c	129
/home/swlab-jueon/swvul/tools/java-vuln-detection/slicing/output/CPG/c/cwe400_cpg/cwe400-579-cpg-resolved.bin	tc579_flow5	CWE400_Resource_Exhaustion__rand_for_loop_03.c	146	CWE400_Resource_Exhaustion__rand_for_loop_03.c	153
/home/swlab-jueon/swvul/tools/java-vuln-detection/slicing/output/CPG/c/cwe400_cpg/cwe400-580-cpg-resolved.bin	tc580_flow1	CWE400_Resource_Exhaustion__rand_for_loop_04.c	36	CWE400_Resource_Exhaustion__rand_for_loop_04.c	43
/home/swlab-jueon/swvul/tools/java-vuln-detection/slicing/output/CPG/c/cwe400_cpg/cwe400-580-cpg-resolved.bin	tc580_flow2	CWE400_Resource_Exhaustion__rand_for_loop_04.c	64	CWE400_Resource_Exhaustion__rand_for_loop_04.c	76
/home/swlab-jueon/swvul/tools/java-vuln-detection/slicing/output/CPG/c/cwe400_cpg/cwe400-580-cpg-resolved.bin	tc580_flow3	CWE400_Resource_Exhaustion__rand_for_loop_04.c	96	CWE400_Resource_Exhaustion__rand_for_loop_04.c	103
/home/swlab-jueon/swvul/tools/java-vuln-detection/slicing/output/CPG/c/cwe400_cpg/cwe400-580-cpg-resolved.bin	tc580_flow4	CWE400_Resource_Exhaustion__rand_for_loop_04.c	128	CWE400_Resource_Exhaustion__rand_for_loop_04.c	135
/home/swlab-jueon/swvul/tools/java-vuln-detection/slicing/output/CPG/c/cwe400_cpg/cwe400-580-cpg-resolved.bin	tc580_flow5	CWE400_Resource_Exhaustion__rand_for_loop_04.c	152	CWE400_Resource_Exhaustion__rand_for_loop_04.c	159
/home/swlab-jueon/swvul/tools/java-vuln-detection/slicing/output/CPG/c/cwe400_cpg/cwe400-581-cpg-resolved.bin	tc581_flow1	CWE400_Resource_Exhaustion__rand_for_loop_05.c	36	CWE400_Resource_Exhaustion__rand_for_loop_05.c	43
/home/swlab-jueon/swvul/tools/java-vuln-detection/slicing/output/CPG/c/cwe400_cpg/cwe400-581-cpg-resolved.bin	tc581_flow2	CWE400_Resource_Exhaustion__rand_for_loop_05.c	64	CWE400_Resource_Exhaustion__rand_for_loop_05.c	76
/home/swlab-jueon/swvul/tools/java-vuln-detection/slicing/output/CPG/c/cwe400_cpg/cwe400-581-cpg-resolved.bin	tc581_flow3	CWE400_Resource_Exhaustion__rand_for_loop_05.c	96	CWE400_Resource_Exhaustion__rand_for_loop_05.c	103
/home/swlab-jueon/swvul/tools/java-vuln-detection/slicing/output/CPG/c/cwe400_cpg/cwe400-581-cpg-resolved.bin	tc581_flow4	CWE400_Resource_Exhaustion__rand_for_loop_05.c	128	CWE400_Resource_Exhaustion__rand_for_loop_05.c	135
/home/swlab-jueon/swvul/tools/java-vuln-detection/slicing/output/CPG/c/cwe400_cpg/cwe400-581-cpg-resolved.bin	tc581_flow5	CWE400_Resource_Exhaustion__rand_for_loop_05.c	152	CWE400_Resource_Exhaustion__rand_for_loop_05.c	159
/home/swlab-jueon/swvul/tools/java-vuln-detection/slicing/output/CPG/c/cwe400_cpg/cwe400-582-cpg-resolved.bin	tc582_flow1	CWE400_Resource_Exhaustion__rand_for_loop_06.c	35	CWE400_Resource_Exhaustion__rand_for_loop_06.c	42
/home/swlab-jueon/swvul/tools/java-vuln-detection/slicing/output/CPG/c/cwe400_cpg/cwe400-582-cpg-resolved.bin	tc582_flow2	CWE400_Resource_Exhaustion__rand_for_loop_06.c	63	CWE400_Resource_Exhaustion__rand_for_loop_06.c	75
/home/swlab-jueon/swvul/tools/java-vuln-detection/slicing/output/CPG/c/cwe400_cpg/cwe400-582-cpg-resolved.bin	tc582_flow3	CWE400_Resource_Exhaustion__rand_for_loop_06.c	95	CWE400_Resource_Exhaustion__rand_for_loop_06.c	102
/home/swlab-jueon/swvul/tools/java-vuln-detection/slicing/output/CPG/c/cwe400_cpg/cwe400-582-cpg-resolved.bin	tc582_flow4	CWE400_Resource_Exhaustion__rand_for_loop_06.c	127	CWE400_Resource_Exhaustion__rand_for_loop_06.c	134
/home/swlab-jueon/swvul/tools/java-vuln-detection/slicing/output/CPG/c/cwe400_cpg/cwe400-582-cpg-resolved.bin	tc582_flow5	CWE400_Resource_Exhaustion__rand_for_loop_06.c	151	CWE400_Resource_Exhaustion__rand_for_loop_06.c	158
/home/swlab-jueon/swvul/tools/java-vuln-detection/slicing/output/CPG/c/cwe400_cpg/cwe400-583-cpg-resolved.bin	tc583_flow1	CWE400_Resource_Exhaustion__rand_for_loop_07.c	35	CWE400_Resource_Exhaustion__rand_for_loop_07.c	42
/home/swlab-jueon/swvul/tools/java-vuln-detection/slicing/output/CPG/c/cwe400_cpg/cwe400-583-cpg-resolved.bin	tc583_flow2	CWE400_Resource_Exhaustion__rand_for_loop_07.c	63	CWE400_Resource_Exhaustion__rand_for_loop_07.c	75
/home/swlab-jueon/swvul/tools/java-vuln-detection/slicing/output/CPG/c/cwe400_cpg/cwe400-583-cpg-resolved.bin	tc583_flow3	CWE400_Resource_Exhaustion__rand_for_loop_07.c	95	CWE400_Resource_Exhaustion__rand_for_loop_07.c	102
/home/swlab-jueon/swvul/tools/java-vuln-detection/slicing/output/CPG/c/cwe400_cpg/cwe400-583-cpg-resolved.bin	tc583_flow4	CWE400_Resource_Exhaustion__rand_for_loop_07.c	127	CWE400_Resource_Exhaustion__rand_for_loop_07.c	134
/home/swlab-jueon/swvul/tools/java-vuln-detection/slicing/output/CPG/c/cwe400_cpg/cwe400-583-cpg-resolved.bin	tc583_flow5	CWE400_Resource_Exhaustion__rand_for_loop_07.c	151	CWE400_Resource_Exhaustion__rand_for_loop_07.c	158
/home/swlab-jueon/swvul/tools/java-vuln-detection/slicing/output/CPG/c/cwe400_cpg/cwe400-584-cpg-resolved.bin	tc584_flow1	CWE400_Resource_Exhaustion__rand_for_loop_08.c	43	CWE400_Resource_Exhaustion__rand_for_loop_08.c	50
/home/swlab-jueon/swvul/tools/java-vuln-detection/slicing/output/CPG/c/cwe400_cpg/cwe400-584-cpg-resolved.bin	tc584_flow2	CWE400_Resource_Exhaustion__rand_for_loop_08.c	71	CWE400_Resource_Exhaustion__rand_for_loop_08.c	83
/home/swlab-jueon/swvul/tools/java-vuln-detection/slicing/output/CPG/c/cwe400_cpg/cwe400-584-cpg-resolved.bin	tc584_flow3	CWE400_Resource_Exhaustion__rand_for_loop_08.c	103	CWE400_Resource_Exhaustion__rand_for_loop_08.c	110
/home/swlab-jueon/swvul/tools/java-vuln-detection/slicing/output/CPG/c/cwe400_cpg/cwe400-584-cpg-resolved.bin	tc584_flow4	CWE400_Resource_Exhaustion__rand_for_loop_08.c	135	CWE400_Resource_Exhaustion__rand_for_loop_08.c	142
/home/swlab-jueon/swvul/tools/java-vuln-detection/slicing/output/CPG/c/cwe400_cpg/cwe400-584-cpg-resolved.bin	tc584_flow5	CWE400_Resource_Exhaustion__rand_for_loop_08.c	159	CWE400_Resource_Exhaustion__rand_for_loop_08.c	166
/home/swlab-jueon/swvul/tools/java-vuln-detection/slicing/output/CPG/c/cwe400_cpg/cwe400-585-cpg-resolved.bin	tc585_flow1	CWE400_Resource_Exhaustion__rand_for_loop_09.c	30	CWE400_Resource_Exhaustion__rand_for_loop_09.c	37
/home/swlab-jueon/swvul/tools/java-vuln-detection/slicing/output/CPG/c/cwe400_cpg/cwe400-585-cpg-resolved.bin	tc585_flow2	CWE400_Resource_Exhaustion__rand_for_loop_09.c	58	CWE400_Resource_Exhaustion__rand_for_loop_09.c	70
/home/swlab-jueon/swvul/tools/java-vuln-detection/slicing/output/CPG/c/cwe400_cpg/cwe400-585-cpg-resolved.bin	tc585_flow3	CWE400_Resource_Exhaustion__rand_for_loop_09.c	90	CWE400_Resource_Exhaustion__rand_for_loop_09.c	97
/home/swlab-jueon/swvul/tools/java-vuln-detection/slicing/output/CPG/c/cwe400_cpg/cwe400-585-cpg-resolved.bin	tc585_flow4	CWE400_Resource_Exhaustion__rand_for_loop_09.c	122	CWE400_Resource_Exhaustion__rand_for_loop_09.c	129
/home/swlab-jueon/swvul/tools/java-vuln-detection/slicing/output/CPG/c/cwe400_cpg/cwe400-585-cpg-resolved.bin	tc585_flow5	CWE400_Resource_Exhaustion__rand_for_loop_09.c	146	CWE400_Resource_Exhaustion__rand_for_loop_09.c	153
/home/swlab-jueon/swvul/tools/java-vuln-detection/slicing/output/CPG/c/cwe400_cpg/cwe400-586-cpg-resolved.bin	tc586_flow1	CWE400_Resource_Exhaustion__rand_for_loop_10.c	30	CWE400_Resource_Exhaustion__rand_for_loop_10.c	37
/home/swlab-jueon/swvul/tools/java-vuln-detection/slicing/output/CPG/c/cwe400_cpg/cwe400-586-cpg-resolved.bin	tc586_flow2	CWE400_Resource_Exhaustion__rand_for_loop_10.c	58	CWE400_Resource_Exhaustion__rand_for_loop_10.c	70
/home/swlab-jueon/swvul/tools/java-vuln-detection/slicing/output/CPG/c/cwe400_cpg/cwe400-586-cpg-resolved.bin	tc586_flow3	CWE400_Resource_Exhaustion__rand_for_loop_10.c	90	CWE400_Resource_Exhaustion__rand_for_loop_10.c	97
/home/swlab-jueon/swvul/tools/java-vuln-detection/slicing/output/CPG/c/cwe400_cpg/cwe400-586-cpg-resolved.bin	tc586_flow4	CWE400_Resource_Exhaustion__rand_for_loop_10.c	122	CWE400_Resource_Exhaustion__rand_for_loop_10.c	129
/home/swlab-jueon/swvul/tools/java-vuln-detection/slicing/output/CPG/c/cwe400_cpg/cwe400-586-cpg-resolved.bin	tc586_flow5	CWE400_Resource_Exhaustion__rand_for_loop_10.c	146	CWE400_Resource_Exhaustion__rand_for_loop_10.c	153
/home/swlab-jueon/swvul/tools/java-vuln-detection/slicing/output/CPG/c/cwe400_cpg/cwe400-587-cpg-resolved.bin	tc587_flow1	CWE400_Resource_Exhaustion__rand_for_loop_11.c	30	CWE400_Resource_Exhaustion__rand_for_loop_11.c	37
/home/swlab-jueon/swvul/tools/java-vuln-detection/slicing/output/CPG/c/cwe400_cpg/cwe400-587-cpg-resolved.bin	tc587_flow2	CWE400_Resource_Exhaustion__rand_for_loop_11.c	58	CWE400_Resource_Exhaustion__rand_for_loop_11.c	70
/home/swlab-jueon/swvul/tools/java-vuln-detection/slicing/output/CPG/c/cwe400_cpg/cwe400-587-cpg-resolved.bin	tc587_flow3	CWE400_Resource_Exhaustion__rand_for_loop_11.c	90	CWE400_Resource_Exhaustion__rand_for_loop_11.c	97
/home/swlab-jueon/swvul/tools/java-vuln-detection/slicing/output/CPG/c/cwe400_cpg/cwe400-587-cpg-resolved.bin	tc587_flow4	CWE400_Resource_Exhaustion__rand_for_loop_11.c	122	CWE400_Resource_Exhaustion__rand_for_loop_11.c	129
/home/swlab-jueon/swvul/tools/java-vuln-detection/slicing/output/CPG/c/cwe400_cpg/cwe400-587-cpg-resolved.bin	tc587_flow5	CWE400_Resource_Exhaustion__rand_for_loop_11.c	146	CWE400_Resource_Exhaustion__rand_for_loop_11.c	153
/home/swlab-jueon/swvul/tools/java-vuln-detection/slicing/output/CPG/c/cwe400_cpg/cwe400-588-cpg-resolved.bin	tc588_flow2	CWE400_Resource_Exhaustion__rand_for_loop_12.c	79	CWE400_Resource_Exhaustion__rand_for_loop_12.c	105
/home/swlab-jueon/swvul/tools/java-vuln-detection/slicing/output/CPG/c/cwe400_cpg/cwe400-588-cpg-resolved.bin	tc588_flow3	CWE400_Resource_Exhaustion__rand_for_loop_12.c	127	CWE400_Resource_Exhaustion__rand_for_loop_12.c	150
/home/swlab-jueon/swvul/tools/java-vuln-detection/slicing/output/CPG/c/cwe400_cpg/cwe400-589-cpg-resolved.bin	tc589_flow1	CWE400_Resource_Exhaustion__rand_for_loop_13.c	30	CWE400_Resource_Exhaustion__rand_for_loop_13.c	37
/home/swlab-jueon/swvul/tools/java-vuln-detection/slicing/output/CPG/c/cwe400_cpg/cwe400-589-cpg-resolved.bin	tc589_flow2	CWE400_Resource_Exhaustion__rand_for_loop_13.c	58	CWE400_Resource_Exhaustion__rand_for_loop_13.c	70
/home/swlab-jueon/swvul/tools/java-vuln-detection/slicing/output/CPG/c/cwe400_cpg/cwe400-589-cpg-resolved.bin	tc589_flow3	CWE400_Resource_Exhaustion__rand_for_loop_13.c	90	CWE400_Resource_Exhaustion__rand_for_loop_13.c	97
/home/swlab-jueon/swvul/tools/java-vuln-detection/slicing/output/CPG/c/cwe400_cpg/cwe400-589-cpg-resolved.bin	tc589_flow4	CWE400_Resource_Exhaustion__rand_for_loop_13.c	122	CWE400_Resource_Exhaustion__rand_for_loop_13.c	129
/home/swlab-jueon/swvul/tools/java-vuln-detection/slicing/output/CPG/c/cwe400_cpg/cwe400-589-cpg-resolved.bin	tc589_flow5	CWE400_Resource_Exhaustion__rand_for_loop_13.c	146	CWE400_Resource_Exhaustion__rand_for_loop_13.c	153
/home/swlab-jueon/swvul/tools/java-vuln-detection/slicing/output/CPG/c/cwe400_cpg/cwe400-590-cpg-resolved.bin	tc590_flow1	CWE400_Resource_Exhaustion__rand_for_loop_14.c	30	CWE400_Resource_Exhaustion__rand_for_loop_14.c	37
/home/swlab-jueon/swvul/tools/java-vuln-detection/slicing/output/CPG/c/cwe400_cpg/cwe400-590-cpg-resolved.bin	tc590_flow2	CWE400_Resource_Exhaustion__rand_for_loop_14.c	58	CWE400_Resource_Exhaustion__rand_for_loop_14.c	70
/home/swlab-jueon/swvul/tools/java-vuln-detection/slicing/output/CPG/c/cwe400_cpg/cwe400-590-cpg-resolved.bin	tc590_flow3	CWE400_Resource_Exhaustion__rand_for_loop_14.c	90	CWE400_Resource_Exhaustion__rand_for_loop_14.c	97
/home/swlab-jueon/swvul/tools/java-vuln-detection/slicing/output/CPG/c/cwe400_cpg/cwe400-590-cpg-resolved.bin	tc590_flow4	CWE400_Resource_Exhaustion__rand_for_loop_14.c	122	CWE400_Resource_Exhaustion__rand_for_loop_14.c	129
/home/swlab-jueon/swvul/tools/java-vuln-detection/slicing/output/CPG/c/cwe400_cpg/cwe400-590-cpg-resolved.bin	tc590_flow5	CWE400_Resource_Exhaustion__rand_for_loop_14.c	146	CWE400_Resource_Exhaustion__rand_for_loop_14.c	153
/home/swlab-jueon/swvul/tools/java-vuln-detection/slicing/output/CPG/c/cwe400_cpg/cwe400-591-cpg-resolved.bin	tc591_flow1	CWE400_Resource_Exhaustion__rand_for_loop_15.c	31	CWE400_Resource_Exhaustion__rand_for_loop_15.c	44
/home/swlab-jueon/swvul/tools/java-vuln-detection/slicing/output/CPG/c/cwe400_cpg/cwe400-591-cpg-resolved.bin	tc591_flow2	CWE400_Resource_Exhaustion__rand_for_loop_15.c	71	CWE400_Resource_Exhaustion__rand_for_loop_15.c	88
/home/swlab-jueon/swvul/tools/java-vuln-detection/slicing/output/CPG/c/cwe400_cpg/cwe400-591-cpg-resolved.bin	tc591_flow3	CWE400_Resource_Exhaustion__rand_for_loop_15.c	110	CWE400_Resource_Exhaustion__rand_for_loop_15.c	123
/home/swlab-jueon/swvul/tools/java-vuln-detection/slicing/output/CPG/c/cwe400_cpg/cwe400-591-cpg-resolved.bin	tc591_flow4	CWE400_Resource_Exhaustion__rand_for_loop_15.c	153	CWE400_Resource_Exhaustion__rand_for_loop_15.c	162
/home/swlab-jueon/swvul/tools/java-vuln-detection/slicing/output/CPG/c/cwe400_cpg/cwe400-591-cpg-resolved.bin	tc591_flow5	CWE400_Resource_Exhaustion__rand_for_loop_15.c	185	CWE400_Resource_Exhaustion__rand_for_loop_15.c	198
/home/swlab-jueon/swvul/tools/java-vuln-detection/slicing/output/CPG/c/cwe400_cpg/cwe400-592-cpg-resolved.bin	tc592_flow1	CWE400_Resource_Exhaustion__rand_for_loop_16.c	30	CWE400_Resource_Exhaustion__rand_for_loop_16.c	38
/home/swlab-jueon/swvul/tools/java-vuln-detection/slicing/output/CPG/c/cwe400_cpg/cwe400-592-cpg-resolved.bin	tc592_flow2	CWE400_Resource_Exhaustion__rand_for_loop_16.c	60	CWE400_Resource_Exhaustion__rand_for_loop_16.c	68
/home/swlab-jueon/swvul/tools/java-vuln-detection/slicing/output/CPG/c/cwe400_cpg/cwe400-592-cpg-resolved.bin	tc592_flow3	CWE400_Resource_Exhaustion__rand_for_loop_16.c	89	CWE400_Resource_Exhaustion__rand_for_loop_16.c	97
/home/swlab-jueon/swvul/tools/java-vuln-detection/slicing/output/CPG/c/cwe400_cpg/cwe400-593-cpg-resolved.bin	tc593_flow1	CWE400_Resource_Exhaustion__rand_for_loop_17.c	31	CWE400_Resource_Exhaustion__rand_for_loop_17.c	38
/home/swlab-jueon/swvul/tools/java-vuln-detection/slicing/output/CPG/c/cwe400_cpg/cwe400-593-cpg-resolved.bin	tc593_flow2	CWE400_Resource_Exhaustion__rand_for_loop_17.c	60	CWE400_Resource_Exhaustion__rand_for_loop_17.c	67
/home/swlab-jueon/swvul/tools/java-vuln-detection/slicing/output/CPG/c/cwe400_cpg/cwe400-593-cpg-resolved.bin	tc593_flow3	CWE400_Resource_Exhaustion__rand_for_loop_17.c	88	CWE400_Resource_Exhaustion__rand_for_loop_17.c	95
/home/swlab-jueon/swvul/tools/java-vuln-detection/slicing/output/CPG/c/cwe400_cpg/cwe400-594-cpg-resolved.bin	tc594_flow1	CWE400_Resource_Exhaustion__rand_for_loop_18.c	30	CWE400_Resource_Exhaustion__rand_for_loop_18.c	36
/home/swlab-jueon/swvul/tools/java-vuln-detection/slicing/output/CPG/c/cwe400_cpg/cwe400-594-cpg-resolved.bin	tc594_flow2	CWE400_Resource_Exhaustion__rand_for_loop_18.c	56	CWE400_Resource_Exhaustion__rand_for_loop_18.c	62
/home/swlab-jueon/swvul/tools/java-vuln-detection/slicing/output/CPG/c/cwe400_cpg/cwe400-594-cpg-resolved.bin	tc594_flow3	CWE400_Resource_Exhaustion__rand_for_loop_18.c	81	CWE400_Resource_Exhaustion__rand_for_loop_18.c	87
/home/swlab-jueon/swvul/tools/java-vuln-detection/slicing/output/CPG/c/cwe400_cpg/cwe400-595-cpg-resolved.bin	tc595_flow1	CWE400_Resource_Exhaustion__rand_for_loop_21.c	46	CWE400_Resource_Exhaustion__rand_for_loop_21.c	32
/home/swlab-jueon/swvul/tools/java-vuln-detection/slicing/output/CPG/c/cwe400_cpg/cwe400-595-cpg-resolved.bin	tc595_flow2	CWE400_Resource_Exhaustion__rand_for_loop_21.c	90	CWE400_Resource_Exhaustion__rand_for_loop_21.c	73
/home/swlab-jueon/swvul/tools/java-vuln-detection/slicing/output/CPG/c/cwe400_cpg/cwe400-595-cpg-resolved.bin	tc595_flow3	CWE400_Resource_Exhaustion__rand_for_loop_21.c	120	CWE400_Resource_Exhaustion__rand_for_loop_21.c	103
/home/swlab-jueon/swvul/tools/java-vuln-detection/slicing/output/CPG/c/cwe400_cpg/cwe400-595-cpg-resolved.bin	tc595_flow4	CWE400_Resource_Exhaustion__rand_for_loop_21.c	147	CWE400_Resource_Exhaustion__rand_for_loop_21.c	133
/home/swlab-jueon/swvul/tools/java-vuln-detection/slicing/output/CPG/c/cwe400_cpg/cwe400-597-cpg-resolved.bin	tc597_flow1	CWE400_Resource_Exhaustion__rand_for_loop_31.c	28	CWE400_Resource_Exhaustion__rand_for_loop_31.c	35
/home/swlab-jueon/swvul/tools/java-vuln-detection/slicing/output/CPG/c/cwe400_cpg/cwe400-597-cpg-resolved.bin	tc597_flow2	CWE400_Resource_Exhaustion__rand_for_loop_31.c	76	CWE400_Resource_Exhaustion__rand_for_loop_31.c	83
/home/swlab-jueon/swvul/tools/java-vuln-detection/slicing/output/CPG/c/cwe400_cpg/cwe400-597-cpg-resolved.bin	tc597_flow3	CWE400_Resource_Exhaustion__rand_for_loop_31.c	54	CWE400_Resource_Exhaustion__rand_for_loop_31.c	61
/home/swlab-jueon/swvul/tools/java-vuln-detection/slicing/output/CPG/c/cwe400_cpg/cwe400-598-cpg-resolved.bin	tc598_flow1	CWE400_Resource_Exhaustion__rand_for_loop_32.c	32	CWE400_Resource_Exhaustion__rand_for_loop_32.c	40
/home/swlab-jueon/swvul/tools/java-vuln-detection/slicing/output/CPG/c/cwe400_cpg/cwe400-598-cpg-resolved.bin	tc598_flow2	CWE400_Resource_Exhaustion__rand_for_loop_32.c	90	CWE400_Resource_Exhaustion__rand_for_loop_32.c	98
/home/swlab-jueon/swvul/tools/java-vuln-detection/slicing/output/CPG/c/cwe400_cpg/cwe400-598-cpg-resolved.bin	tc598_flow3	CWE400_Resource_Exhaustion__rand_for_loop_32.c	63	CWE400_Resource_Exhaustion__rand_for_loop_32.c	71
/home/swlab-jueon/swvul/tools/java-vuln-detection/slicing/output/CPG/c/cwe400_cpg/cwe400-599-cpg-resolved.bin	tc599_flow1	CWE400_Resource_Exhaustion__rand_for_loop_33.cpp	32	CWE400_Resource_Exhaustion__rand_for_loop_33.cpp	38
/home/swlab-jueon/swvul/tools/java-vuln-detection/slicing/output/CPG/c/cwe400_cpg/cwe400-599-cpg-resolved.bin	tc599_flow2	CWE400_Resource_Exhaustion__rand_for_loop_33.cpp	80	CWE400_Resource_Exhaustion__rand_for_loop_33.cpp	86
/home/swlab-jueon/swvul/tools/java-vuln-detection/slicing/output/CPG/c/cwe400_cpg/cwe400-599-cpg-resolved.bin	tc599_flow3	CWE400_Resource_Exhaustion__rand_for_loop_33.cpp	58	CWE400_Resource_Exhaustion__rand_for_loop_33.cpp	64
/home/swlab-jueon/swvul/tools/java-vuln-detection/slicing/output/CPG/c/cwe400_cpg/cwe400-600-cpg-resolved.bin	tc600_flow1	CWE400_Resource_Exhaustion__rand_for_loop_34.c	35	CWE400_Resource_Exhaustion__rand_for_loop_34.c	42
/home/swlab-jueon/swvul/tools/java-vuln-detection/slicing/output/CPG/c/cwe400_cpg/cwe400-600-cpg-resolved.bin	tc600_flow2	CWE400_Resource_Exhaustion__rand_for_loop_34.c	85	CWE400_Resource_Exhaustion__rand_for_loop_34.c	92
/home/swlab-jueon/swvul/tools/java-vuln-detection/slicing/output/CPG/c/cwe400_cpg/cwe400-600-cpg-resolved.bin	tc600_flow3	CWE400_Resource_Exhaustion__rand_for_loop_34.c	62	CWE400_Resource_Exhaustion__rand_for_loop_34.c	69
/home/swlab-jueon/swvul/tools/java-vuln-detection/slicing/output/CPG/c/cwe400_cpg/cwe400-601-cpg-resolved.bin	tc601_flow1	CWE400_Resource_Exhaustion__rand_for_loop_41.c	40	CWE400_Resource_Exhaustion__rand_for_loop_41.c	27
/home/swlab-jueon/swvul/tools/java-vuln-detection/slicing/output/CPG/c/cwe400_cpg/cwe400-601-cpg-resolved.bin	tc601_flow2	CWE400_Resource_Exhaustion__rand_for_loop_41.c	93	CWE400_Resource_Exhaustion__rand_for_loop_41.c	77
/home/swlab-jueon/swvul/tools/java-vuln-detection/slicing/output/CPG/c/cwe400_cpg/cwe400-601-cpg-resolved.bin	tc601_flow3	CWE400_Resource_Exhaustion__rand_for_loop_41.c	67	CWE400_Resource_Exhaustion__rand_for_loop_41.c	54
/home/swlab-jueon/swvul/tools/java-vuln-detection/slicing/output/CPG/c/cwe400_cpg/cwe400-602-cpg-resolved.bin	tc602_flow2	CWE400_Resource_Exhaustion__rand_for_loop_42.c	77	CWE400_Resource_Exhaustion__rand_for_loop_42.c	90
/home/swlab-jueon/swvul/tools/java-vuln-detection/slicing/output/CPG/c/cwe400_cpg/cwe400-602-cpg-resolved.bin	tc602_flow3	CWE400_Resource_Exhaustion__rand_for_loop_42.c	53	CWE400_Resource_Exhaustion__rand_for_loop_42.c	66
/home/swlab-jueon/swvul/tools/java-vuln-detection/slicing/output/CPG/c/cwe400_cpg/cwe400-603-cpg-resolved.bin	tc603_flow1	CWE400_Resource_Exhaustion__rand_for_loop_43.cpp	28	CWE400_Resource_Exhaustion__rand_for_loop_43.cpp	40
/home/swlab-jueon/swvul/tools/java-vuln-detection/slicing/output/CPG/c/cwe400_cpg/cwe400-603-cpg-resolved.bin	tc603_flow2	CWE400_Resource_Exhaustion__rand_for_loop_43.cpp	78	CWE400_Resource_Exhaustion__rand_for_loop_43.cpp	90
/home/swlab-jueon/swvul/tools/java-vuln-detection/slicing/output/CPG/c/cwe400_cpg/cwe400-603-cpg-resolved.bin	tc603_flow3	CWE400_Resource_Exhaustion__rand_for_loop_43.cpp	55	CWE400_Resource_Exhaustion__rand_for_loop_43.cpp	67
/home/swlab-jueon/swvul/tools/java-vuln-detection/slicing/output/CPG/c/cwe400_cpg/cwe400-604-cpg-resolved.bin	tc604_flow1	CWE400_Resource_Exhaustion__rand_for_loop_44.c	42	CWE400_Resource_Exhaustion__rand_for_loop_44.c	27
/home/swlab-jueon/swvul/tools/java-vuln-detection/slicing/output/CPG/c/cwe400_cpg/cwe400-604-cpg-resolved.bin	tc604_flow2	CWE400_Resource_Exhaustion__rand_for_loop_44.c	98	CWE400_Resource_Exhaustion__rand_for_loop_44.c	81
/home/swlab-jueon/swvul/tools/java-vuln-detection/slicing/output/CPG/c/cwe400_cpg/cwe400-604-cpg-resolved.bin	tc604_flow3	CWE400_Resource_Exhaustion__rand_for_loop_44.c	71	CWE400_Resource_Exhaustion__rand_for_loop_44.c	57
/home/swlab-jueon/swvul/tools/java-vuln-detection/slicing/output/CPG/c/cwe400_cpg/cwe400-605-cpg-resolved.bin	tc605_flow1	CWE400_Resource_Exhaustion__rand_for_loop_45.c	45	CWE400_Resource_Exhaustion__rand_for_loop_45.c	32
/home/swlab-jueon/swvul/tools/java-vuln-detection/slicing/output/CPG/c/cwe400_cpg/cwe400-605-cpg-resolved.bin	tc605_flow2	CWE400_Resource_Exhaustion__rand_for_loop_45.c	102	CWE400_Resource_Exhaustion__rand_for_loop_45.c	86
/home/swlab-jueon/swvul/tools/java-vuln-detection/slicing/output/CPG/c/cwe400_cpg/cwe400-605-cpg-resolved.bin	tc605_flow3	CWE400_Resource_Exhaustion__rand_for_loop_45.c	74	CWE400_Resource_Exhaustion__rand_for_loop_45.c	61
/home/swlab-jueon/swvul/tools/java-vuln-detection/slicing/output/CPG/c/cwe400_cpg/cwe400-610-cpg-resolved.bin	tc610_flow2	CWE400_Resource_Exhaustion__rand_for_loop_61b.c	45	CWE400_Resource_Exhaustion__rand_for_loop_61a.c	76
/home/swlab-jueon/swvul/tools/java-vuln-detection/slicing/output/CPG/c/cwe400_cpg/cwe400-610-cpg-resolved.bin	tc610_flow3	CWE400_Resource_Exhaustion__rand_for_loop_61b.c	37	CWE400_Resource_Exhaustion__rand_for_loop_61a.c	57
/home/swlab-jueon/swvul/tools/java-vuln-detection/slicing/output/CPG/c/cwe400_cpg/cwe400-611-cpg-resolved.bin	tc611_flow1	CWE400_Resource_Exhaustion__rand_for_loop_62b.cpp	28	CWE400_Resource_Exhaustion__rand_for_loop_62a.cpp	37
/home/swlab-jueon/swvul/tools/java-vuln-detection/slicing/output/CPG/c/cwe400_cpg/cwe400-611-cpg-resolved.bin	tc611_flow2	CWE400_Resource_Exhaustion__rand_for_loop_62b.cpp	46	CWE400_Resource_Exhaustion__rand_for_loop_62a.cpp	79
/home/swlab-jueon/swvul/tools/java-vuln-detection/slicing/output/CPG/c/cwe400_cpg/cwe400-611-cpg-resolved.bin	tc611_flow3	CWE400_Resource_Exhaustion__rand_for_loop_62b.cpp	39	CWE400_Resource_Exhaustion__rand_for_loop_62a.cpp	60
/home/swlab-jueon/swvul/tools/java-vuln-detection/slicing/output/CPG/c/cwe400_cpg/cwe400-618-cpg-resolved.bin	tc618_flow1	CWE400_Resource_Exhaustion__rand_for_loop_72a.cpp	38	CWE400_Resource_Exhaustion__rand_for_loop_72b.cpp	35
/home/swlab-jueon/swvul/tools/java-vuln-detection/slicing/output/CPG/c/cwe400_cpg/cwe400-618-cpg-resolved.bin	tc618_flow2	CWE400_Resource_Exhaustion__rand_for_loop_72a.cpp	78	CWE400_Resource_Exhaustion__rand_for_loop_72b.cpp	67
/home/swlab-jueon/swvul/tools/java-vuln-detection/slicing/output/CPG/c/cwe400_cpg/cwe400-618-cpg-resolved.bin	tc618_flow3	CWE400_Resource_Exhaustion__rand_for_loop_72a.cpp	60	CWE400_Resource_Exhaustion__rand_for_loop_72b.cpp	53
/home/swlab-jueon/swvul/tools/java-vuln-detection/slicing/output/CPG/c/cwe400_cpg/cwe400-619-cpg-resolved.bin	tc619_flow1	CWE400_Resource_Exhaustion__rand_for_loop_73a.cpp	38	CWE400_Resource_Exhaustion__rand_for_loop_73b.cpp	35
/home/swlab-jueon/swvul/tools/java-vuln-detection/slicing/output/CPG/c/cwe400_cpg/cwe400-619-cpg-resolved.bin	tc619_flow2	CWE400_Resource_Exhaustion__rand_for_loop_73a.cpp	78	CWE400_Resource_Exhaustion__rand_for_loop_73b.cpp	67
/home/swlab-jueon/swvul/tools/java-vuln-detection/slicing/output/CPG/c/cwe400_cpg/cwe400-619-cpg-resolved.bin	tc619_flow3	CWE400_Resource_Exhaustion__rand_for_loop_73a.cpp	60	CWE400_Resource_Exhaustion__rand_for_loop_73b.cpp	53
/home/swlab-jueon/swvul/tools/java-vuln-detection/slicing/output/CPG/c/cwe400_cpg/cwe400-620-cpg-resolved.bin	tc620_flow1	CWE400_Resource_Exhaustion__rand_for_loop_74a.cpp	38	CWE400_Resource_Exhaustion__rand_for_loop_74b.cpp	35
/home/swlab-jueon/swvul/tools/java-vuln-detection/slicing/output/CPG/c/cwe400_cpg/cwe400-620-cpg-resolved.bin	tc620_flow2	CWE400_Resource_Exhaustion__rand_for_loop_74a.cpp	78	CWE400_Resource_Exhaustion__rand_for_loop_74b.cpp	67
/home/swlab-jueon/swvul/tools/java-vuln-detection/slicing/output/CPG/c/cwe400_cpg/cwe400-620-cpg-resolved.bin	tc620_flow3	CWE400_Resource_Exhaustion__rand_for_loop_74a.cpp	60	CWE400_Resource_Exhaustion__rand_for_loop_74b.cpp	53
/home/swlab-jueon/swvul/tools/java-vuln-detection/slicing/output/CPG/c/cwe400_cpg/cwe400-621-cpg-resolved.bin	tc621_flow1	CWE400_Resource_Exhaustion__rand_for_loop_81a.cpp	32	CWE400_Resource_Exhaustion__rand_for_loop_81_bad.cpp	30
/home/swlab-jueon/swvul/tools/java-vuln-detection/slicing/output/CPG/c/cwe400_cpg/cwe400-621-cpg-resolved.bin	tc621_flow2	CWE400_Resource_Exhaustion__rand_for_loop_81a.cpp	60	CWE400_Resource_Exhaustion__rand_for_loop_81_goodB2G.cpp	30
/home/swlab-jueon/swvul/tools/java-vuln-detection/slicing/output/CPG/c/cwe400_cpg/cwe400-621-cpg-resolved.bin	tc621_flow3	CWE400_Resource_Exhaustion__rand_for_loop_81a.cpp	48	CWE400_Resource_Exhaustion__rand_for_loop_81_goodG2B.cpp	30
/home/swlab-jueon/swvul/tools/java-vuln-detection/slicing/output/CPG/c/cwe400_cpg/cwe400-622-cpg-resolved.bin	tc622_flow1	CWE400_Resource_Exhaustion__rand_for_loop_82a.cpp	32	CWE400_Resource_Exhaustion__rand_for_loop_82_bad.cpp	30
/home/swlab-jueon/swvul/tools/java-vuln-detection/slicing/output/CPG/c/cwe400_cpg/cwe400-622-cpg-resolved.bin	tc622_flow2	CWE400_Resource_Exhaustion__rand_for_loop_82a.cpp	62	CWE400_Resource_Exhaustion__rand_for_loop_82_goodB2G.cpp	30
/home/swlab-jueon/swvul/tools/java-vuln-detection/slicing/output/CPG/c/cwe400_cpg/cwe400-622-cpg-resolved.bin	tc622_flow3	CWE400_Resource_Exhaustion__rand_for_loop_82a.cpp	49	CWE400_Resource_Exhaustion__rand_for_loop_82_goodG2B.cpp	30
/home/swlab-jueon/swvul/tools/java-vuln-detection/slicing/output/CPG/c/cwe400_cpg/cwe400-625-cpg-resolved.bin	tc625_flow1	CWE400_Resource_Exhaustion__rand_fwrite_01.c	30	CWE400_Resource_Exhaustion__rand_fwrite_01.c	42
/home/swlab-jueon/swvul/tools/java-vuln-detection/slicing/output/CPG/c/cwe400_cpg/cwe400-625-cpg-resolved.bin	tc625_flow2	CWE400_Resource_Exhaustion__rand_fwrite_01.c	100	CWE400_Resource_Exhaustion__rand_fwrite_01.c	106
/home/swlab-jueon/swvul/tools/java-vuln-detection/slicing/output/CPG/c/cwe400_cpg/cwe400-625-cpg-resolved.bin	tc625_flow3	CWE400_Resource_Exhaustion__rand_fwrite_01.c	67	CWE400_Resource_Exhaustion__rand_fwrite_01.c	79
/home/swlab-jueon/swvul/tools/java-vuln-detection/slicing/output/CPG/c/cwe400_cpg/cwe400-626-cpg-resolved.bin	tc626_flow1	CWE400_Resource_Exhaustion__rand_fwrite_02.c	32	CWE400_Resource_Exhaustion__rand_fwrite_02.c	47
/home/swlab-jueon/swvul/tools/java-vuln-detection/slicing/output/CPG/c/cwe400_cpg/cwe400-626-cpg-resolved.bin	tc626_flow2	CWE400_Resource_Exhaustion__rand_fwrite_02.c	75	CWE400_Resource_Exhaustion__rand_fwrite_02.c	89
/home/swlab-jueon/swvul/tools/java-vuln-detection/slicing/output/CPG/c/cwe400_cpg/cwe400-626-cpg-resolved.bin	tc626_flow3	CWE400_Resource_Exhaustion__rand_fwrite_02.c	118	CWE400_Resource_Exhaustion__rand_fwrite_02.c	127
/home/swlab-jueon/swvul/tools/java-vuln-detection/slicing/output/CPG/c/cwe400_cpg/cwe400-626-cpg-resolved.bin	tc626_flow4	CWE400_Resource_Exhaustion__rand_fwrite_02.c	161	CWE400_Resource_Exhaustion__rand_fwrite_02.c	176
/home/swlab-jueon/swvul/tools/java-vuln-detection/slicing/output/CPG/c/cwe400_cpg/cwe400-626-cpg-resolved.bin	tc626_flow5	CWE400_Resource_Exhaustion__rand_fwrite_02.c	200	CWE400_Resource_Exhaustion__rand_fwrite_02.c	215
/home/swlab-jueon/swvul/tools/java-vuln-detection/slicing/output/CPG/c/cwe400_cpg/cwe400-627-cpg-resolved.bin	tc627_flow1	CWE400_Resource_Exhaustion__rand_fwrite_03.c	32	CWE400_Resource_Exhaustion__rand_fwrite_03.c	47
/home/swlab-jueon/swvul/tools/java-vuln-detection/slicing/output/CPG/c/cwe400_cpg/cwe400-627-cpg-resolved.bin	tc627_flow2	CWE400_Resource_Exhaustion__rand_fwrite_03.c	75	CWE400_Resource_Exhaustion__rand_fwrite_03.c	89
/home/swlab-jueon/swvul/tools/java-vuln-detection/slicing/output/CPG/c/cwe400_cpg/cwe400-627-cpg-resolved.bin	tc627_flow3	CWE400_Resource_Exhaustion__rand_fwrite_03.c	118	CWE400_Resource_Exhaustion__rand_fwrite_03.c	127
/home/swlab-jueon/swvul/tools/java-vuln-detection/slicing/output/CPG/c/cwe400_cpg/cwe400-627-cpg-resolved.bin	tc627_flow4	CWE400_Resource_Exhaustion__rand_fwrite_03.c	161	CWE400_Resource_Exhaustion__rand_fwrite_03.c	176
/home/swlab-jueon/swvul/tools/java-vuln-detection/slicing/output/CPG/c/cwe400_cpg/cwe400-627-cpg-resolved.bin	tc627_flow5	CWE400_Resource_Exhaustion__rand_fwrite_03.c	200	CWE400_Resource_Exhaustion__rand_fwrite_03.c	215
/home/swlab-jueon/swvul/tools/java-vuln-detection/slicing/output/CPG/c/cwe400_cpg/cwe400-628-cpg-resolved.bin	tc628_flow1	CWE400_Resource_Exhaustion__rand_fwrite_04.c	38	CWE400_Resource_Exhaustion__rand_fwrite_04.c	53
/home/swlab-jueon/swvul/tools/java-vuln-detection/slicing/output/CPG/c/cwe400_cpg/cwe400-628-cpg-resolved.bin	tc628_flow2	CWE400_Resource_Exhaustion__rand_fwrite_04.c	81	CWE400_Resource_Exhaustion__rand_fwrite_04.c	95
/home/swlab-jueon/swvul/tools/java-vuln-detection/slicing/output/CPG/c/cwe400_cpg/cwe400-628-cpg-resolved.bin	tc628_flow3	CWE400_Resource_Exhaustion__rand_fwrite_04.c	124	CWE400_Resource_Exhaustion__rand_fwrite_04.c	133
/home/swlab-jueon/swvul/tools/java-vuln-detection/slicing/output/CPG/c/cwe400_cpg/cwe400-628-cpg-resolved.bin	tc628_flow4	CWE400_Resource_Exhaustion__rand_fwrite_04.c	167	CWE400_Resource_Exhaustion__rand_fwrite_04.c	182
/home/swlab-jueon/swvul/tools/java-vuln-detection/slicing/output/CPG/c/cwe400_cpg/cwe400-628-cpg-resolved.bin	tc628_flow5	CWE400_Resource_Exhaustion__rand_fwrite_04.c	206	CWE400_Resource_Exhaustion__rand_fwrite_04.c	221
/home/swlab-jueon/swvul/tools/java-vuln-detection/slicing/output/CPG/c/cwe400_cpg/cwe400-629-cpg-resolved.bin	tc629_flow1	CWE400_Resource_Exhaustion__rand_fwrite_05.c	38	CWE400_Resource_Exhaustion__rand_fwrite_05.c	53
/home/swlab-jueon/swvul/tools/java-vuln-detection/slicing/output/CPG/c/cwe400_cpg/cwe400-629-cpg-resolved.bin	tc629_flow2	CWE400_Resource_Exhaustion__rand_fwrite_05.c	81	CWE400_Resource_Exhaustion__rand_fwrite_05.c	95
/home/swlab-jueon/swvul/tools/java-vuln-detection/slicing/output/CPG/c/cwe400_cpg/cwe400-629-cpg-resolved.bin	tc629_flow3	CWE400_Resource_Exhaustion__rand_fwrite_05.c	124	CWE400_Resource_Exhaustion__rand_fwrite_05.c	133
/home/swlab-jueon/swvul/tools/java-vuln-detection/slicing/output/CPG/c/cwe400_cpg/cwe400-629-cpg-resolved.bin	tc629_flow4	CWE400_Resource_Exhaustion__rand_fwrite_05.c	167	CWE400_Resource_Exhaustion__rand_fwrite_05.c	182
/home/swlab-jueon/swvul/tools/java-vuln-detection/slicing/output/CPG/c/cwe400_cpg/cwe400-629-cpg-resolved.bin	tc629_flow5	CWE400_Resource_Exhaustion__rand_fwrite_05.c	206	CWE400_Resource_Exhaustion__rand_fwrite_05.c	221
/home/swlab-jueon/swvul/tools/java-vuln-detection/slicing/output/CPG/c/cwe400_cpg/cwe400-630-cpg-resolved.bin	tc630_flow1	CWE400_Resource_Exhaustion__rand_fwrite_06.c	37	CWE400_Resource_Exhaustion__rand_fwrite_06.c	52
/home/swlab-jueon/swvul/tools/java-vuln-detection/slicing/output/CPG/c/cwe400_cpg/cwe400-630-cpg-resolved.bin	tc630_flow2	CWE400_Resource_Exhaustion__rand_fwrite_06.c	80	CWE400_Resource_Exhaustion__rand_fwrite_06.c	94
/home/swlab-jueon/swvul/tools/java-vuln-detection/slicing/output/CPG/c/cwe400_cpg/cwe400-630-cpg-resolved.bin	tc630_flow3	CWE400_Resource_Exhaustion__rand_fwrite_06.c	123	CWE400_Resource_Exhaustion__rand_fwrite_06.c	132
/home/swlab-jueon/swvul/tools/java-vuln-detection/slicing/output/CPG/c/cwe400_cpg/cwe400-630-cpg-resolved.bin	tc630_flow4	CWE400_Resource_Exhaustion__rand_fwrite_06.c	166	CWE400_Resource_Exhaustion__rand_fwrite_06.c	181
/home/swlab-jueon/swvul/tools/java-vuln-detection/slicing/output/CPG/c/cwe400_cpg/cwe400-630-cpg-resolved.bin	tc630_flow5	CWE400_Resource_Exhaustion__rand_fwrite_06.c	205	CWE400_Resource_Exhaustion__rand_fwrite_06.c	220
/home/swlab-jueon/swvul/tools/java-vuln-detection/slicing/output/CPG/c/cwe400_cpg/cwe400-631-cpg-resolved.bin	tc631_flow1	CWE400_Resource_Exhaustion__rand_fwrite_07.c	37	CWE400_Resource_Exhaustion__rand_fwrite_07.c	52
/home/swlab-jueon/swvul/tools/java-vuln-detection/slicing/output/CPG/c/cwe400_cpg/cwe400-631-cpg-resolved.bin	tc631_flow2	CWE400_Resource_Exhaustion__rand_fwrite_07.c	80	CWE400_Resource_Exhaustion__rand_fwrite_07.c	94
/home/swlab-jueon/swvul/tools/java-vuln-detection/slicing/output/CPG/c/cwe400_cpg/cwe400-631-cpg-resolved.bin	tc631_flow3	CWE400_Resource_Exhaustion__rand_fwrite_07.c	123	CWE400_Resource_Exhaustion__rand_fwrite_07.c	132
/home/swlab-jueon/swvul/tools/java-vuln-detection/slicing/output/CPG/c/cwe400_cpg/cwe400-631-cpg-resolved.bin	tc631_flow4	CWE400_Resource_Exhaustion__rand_fwrite_07.c	166	CWE400_Resource_Exhaustion__rand_fwrite_07.c	181
/home/swlab-jueon/swvul/tools/java-vuln-detection/slicing/output/CPG/c/cwe400_cpg/cwe400-631-cpg-resolved.bin	tc631_flow5	CWE400_Resource_Exhaustion__rand_fwrite_07.c	205	CWE400_Resource_Exhaustion__rand_fwrite_07.c	220
/home/swlab-jueon/swvul/tools/java-vuln-detection/slicing/output/CPG/c/cwe400_cpg/cwe400-632-cpg-resolved.bin	tc632_flow1	CWE400_Resource_Exhaustion__rand_fwrite_08.c	45	CWE400_Resource_Exhaustion__rand_fwrite_08.c	60
/home/swlab-jueon/swvul/tools/java-vuln-detection/slicing/output/CPG/c/cwe400_cpg/cwe400-632-cpg-resolved.bin	tc632_flow2	CWE400_Resource_Exhaustion__rand_fwrite_08.c	88	CWE400_Resource_Exhaustion__rand_fwrite_08.c	102
/home/swlab-jueon/swvul/tools/java-vuln-detection/slicing/output/CPG/c/cwe400_cpg/cwe400-632-cpg-resolved.bin	tc632_flow3	CWE400_Resource_Exhaustion__rand_fwrite_08.c	131	CWE400_Resource_Exhaustion__rand_fwrite_08.c	140
/home/swlab-jueon/swvul/tools/java-vuln-detection/slicing/output/CPG/c/cwe400_cpg/cwe400-632-cpg-resolved.bin	tc632_flow4	CWE400_Resource_Exhaustion__rand_fwrite_08.c	174	CWE400_Resource_Exhaustion__rand_fwrite_08.c	189
/home/swlab-jueon/swvul/tools/java-vuln-detection/slicing/output/CPG/c/cwe400_cpg/cwe400-632-cpg-resolved.bin	tc632_flow5	CWE400_Resource_Exhaustion__rand_fwrite_08.c	213	CWE400_Resource_Exhaustion__rand_fwrite_08.c	228
/home/swlab-jueon/swvul/tools/java-vuln-detection/slicing/output/CPG/c/cwe400_cpg/cwe400-633-cpg-resolved.bin	tc633_flow1	CWE400_Resource_Exhaustion__rand_fwrite_09.c	32	CWE400_Resource_Exhaustion__rand_fwrite_09.c	47
/home/swlab-jueon/swvul/tools/java-vuln-detection/slicing/output/CPG/c/cwe400_cpg/cwe400-633-cpg-resolved.bin	tc633_flow2	CWE400_Resource_Exhaustion__rand_fwrite_09.c	75	CWE400_Resource_Exhaustion__rand_fwrite_09.c	89
/home/swlab-jueon/swvul/tools/java-vuln-detection/slicing/output/CPG/c/cwe400_cpg/cwe400-633-cpg-resolved.bin	tc633_flow3	CWE400_Resource_Exhaustion__rand_fwrite_09.c	118	CWE400_Resource_Exhaustion__rand_fwrite_09.c	127
/home/swlab-jueon/swvul/tools/java-vuln-detection/slicing/output/CPG/c/cwe400_cpg/cwe400-633-cpg-resolved.bin	tc633_flow4	CWE400_Resource_Exhaustion__rand_fwrite_09.c	161	CWE400_Resource_Exhaustion__rand_fwrite_09.c	176
/home/swlab-jueon/swvul/tools/java-vuln-detection/slicing/output/CPG/c/cwe400_cpg/cwe400-633-cpg-resolved.bin	tc633_flow5	CWE400_Resource_Exhaustion__rand_fwrite_09.c	200	CWE400_Resource_Exhaustion__rand_fwrite_09.c	215
/home/swlab-jueon/swvul/tools/java-vuln-detection/slicing/output/CPG/c/cwe400_cpg/cwe400-634-cpg-resolved.bin	tc634_flow1	CWE400_Resource_Exhaustion__rand_fwrite_10.c	32	CWE400_Resource_Exhaustion__rand_fwrite_10.c	47
/home/swlab-jueon/swvul/tools/java-vuln-detection/slicing/output/CPG/c/cwe400_cpg/cwe400-634-cpg-resolved.bin	tc634_flow2	CWE400_Resource_Exhaustion__rand_fwrite_10.c	75	CWE400_Resource_Exhaustion__rand_fwrite_10.c	89
/home/swlab-jueon/swvul/tools/java-vuln-detection/slicing/output/CPG/c/cwe400_cpg/cwe400-634-cpg-resolved.bin	tc634_flow3	CWE400_Resource_Exhaustion__rand_fwrite_10.c	118	CWE400_Resource_Exhaustion__rand_fwrite_10.c	127
/home/swlab-jueon/swvul/tools/java-vuln-detection/slicing/output/CPG/c/cwe400_cpg/cwe400-634-cpg-resolved.bin	tc634_flow4	CWE400_Resource_Exhaustion__rand_fwrite_10.c	161	CWE400_Resource_Exhaustion__rand_fwrite_10.c	176
/home/swlab-jueon/swvul/tools/java-vuln-detection/slicing/output/CPG/c/cwe400_cpg/cwe400-634-cpg-resolved.bin	tc634_flow5	CWE400_Resource_Exhaustion__rand_fwrite_10.c	200	CWE400_Resource_Exhaustion__rand_fwrite_10.c	215
/home/swlab-jueon/swvul/tools/java-vuln-detection/slicing/output/CPG/c/cwe400_cpg/cwe400-635-cpg-resolved.bin	tc635_flow1	CWE400_Resource_Exhaustion__rand_fwrite_11.c	32	CWE400_Resource_Exhaustion__rand_fwrite_11.c	47
/home/swlab-jueon/swvul/tools/java-vuln-detection/slicing/output/CPG/c/cwe400_cpg/cwe400-635-cpg-resolved.bin	tc635_flow2	CWE400_Resource_Exhaustion__rand_fwrite_11.c	75	CWE400_Resource_Exhaustion__rand_fwrite_11.c	89
/home/swlab-jueon/swvul/tools/java-vuln-detection/slicing/output/CPG/c/cwe400_cpg/cwe400-635-cpg-resolved.bin	tc635_flow3	CWE400_Resource_Exhaustion__rand_fwrite_11.c	118	CWE400_Resource_Exhaustion__rand_fwrite_11.c	127
/home/swlab-jueon/swvul/tools/java-vuln-detection/slicing/output/CPG/c/cwe400_cpg/cwe400-635-cpg-resolved.bin	tc635_flow4	CWE400_Resource_Exhaustion__rand_fwrite_11.c	161	CWE400_Resource_Exhaustion__rand_fwrite_11.c	176
/home/swlab-jueon/swvul/tools/java-vuln-detection/slicing/output/CPG/c/cwe400_cpg/cwe400-635-cpg-resolved.bin	tc635_flow5	CWE400_Resource_Exhaustion__rand_fwrite_11.c	200	CWE400_Resource_Exhaustion__rand_fwrite_11.c	215
/home/swlab-jueon/swvul/tools/java-vuln-detection/slicing/output/CPG/c/cwe400_cpg/cwe400-636-cpg-resolved.bin	tc636_flow2	CWE400_Resource_Exhaustion__rand_fwrite_12.c	107	CWE400_Resource_Exhaustion__rand_fwrite_12.c	146
/home/swlab-jueon/swvul/tools/java-vuln-detection/slicing/output/CPG/c/cwe400_cpg/cwe400-636-cpg-resolved.bin	tc636_flow3	CWE400_Resource_Exhaustion__rand_fwrite_12.c	177	CWE400_Resource_Exhaustion__rand_fwrite_12.c	223
/home/swlab-jueon/swvul/tools/java-vuln-detection/slicing/output/CPG/c/cwe400_cpg/cwe400-637-cpg-resolved.bin	tc637_flow1	CWE400_Resource_Exhaustion__rand_fwrite_13.c	32	CWE400_Resource_Exhaustion__rand_fwrite_13.c	47
/home/swlab-jueon/swvul/tools/java-vuln-detection/slicing/output/CPG/c/cwe400_cpg/cwe400-637-cpg-resolved.bin	tc637_flow2	CWE400_Resource_Exhaustion__rand_fwrite_13.c	75	CWE400_Resource_Exhaustion__rand_fwrite_13.c	89
/home/swlab-jueon/swvul/tools/java-vuln-detection/slicing/output/CPG/c/cwe400_cpg/cwe400-637-cpg-resolved.bin	tc637_flow3	CWE400_Resource_Exhaustion__rand_fwrite_13.c	118	CWE400_Resource_Exhaustion__rand_fwrite_13.c	127
/home/swlab-jueon/swvul/tools/java-vuln-detection/slicing/output/CPG/c/cwe400_cpg/cwe400-637-cpg-resolved.bin	tc637_flow4	CWE400_Resource_Exhaustion__rand_fwrite_13.c	161	CWE400_Resource_Exhaustion__rand_fwrite_13.c	176
/home/swlab-jueon/swvul/tools/java-vuln-detection/slicing/output/CPG/c/cwe400_cpg/cwe400-637-cpg-resolved.bin	tc637_flow5	CWE400_Resource_Exhaustion__rand_fwrite_13.c	200	CWE400_Resource_Exhaustion__rand_fwrite_13.c	215
/home/swlab-jueon/swvul/tools/java-vuln-detection/slicing/output/CPG/c/cwe400_cpg/cwe400-638-cpg-resolved.bin	tc638_flow1	CWE400_Resource_Exhaustion__rand_fwrite_14.c	32	CWE400_Resource_Exhaustion__rand_fwrite_14.c	47
/home/swlab-jueon/swvul/tools/java-vuln-detection/slicing/output/CPG/c/cwe400_cpg/cwe400-638-cpg-resolved.bin	tc638_flow2	CWE400_Resource_Exhaustion__rand_fwrite_14.c	75	CWE400_Resource_Exhaustion__rand_fwrite_14.c	89
/home/swlab-jueon/swvul/tools/java-vuln-detection/slicing/output/CPG/c/cwe400_cpg/cwe400-638-cpg-resolved.bin	tc638_flow3	CWE400_Resource_Exhaustion__rand_fwrite_14.c	118	CWE400_Resource_Exhaustion__rand_fwrite_14.c	127
/home/swlab-jueon/swvul/tools/java-vuln-detection/slicing/output/CPG/c/cwe400_cpg/cwe400-638-cpg-resolved.bin	tc638_flow4	CWE400_Resource_Exhaustion__rand_fwrite_14.c	161	CWE400_Resource_Exhaustion__rand_fwrite_14.c	176
/home/swlab-jueon/swvul/tools/java-vuln-detection/slicing/output/CPG/c/cwe400_cpg/cwe400-638-cpg-resolved.bin	tc638_flow5	CWE400_Resource_Exhaustion__rand_fwrite_14.c	200	CWE400_Resource_Exhaustion__rand_fwrite_14.c	215
/home/swlab-jueon/swvul/tools/java-vuln-detection/slicing/output/CPG/c/cwe400_cpg/cwe400-639-cpg-resolved.bin	tc639_flow1	CWE400_Resource_Exhaustion__rand_fwrite_15.c	33	CWE400_Resource_Exhaustion__rand_fwrite_15.c	54
/home/swlab-jueon/swvul/tools/java-vuln-detection/slicing/output/CPG/c/cwe400_cpg/cwe400-639-cpg-resolved.bin	tc639_flow2	CWE400_Resource_Exhaustion__rand_fwrite_15.c	88	CWE400_Resource_Exhaustion__rand_fwrite_15.c	107
/home/swlab-jueon/swvul/tools/java-vuln-detection/slicing/output/CPG/c/cwe400_cpg/cwe400-639-cpg-resolved.bin	tc639_flow3	CWE400_Resource_Exhaustion__rand_fwrite_15.c	138	CWE400_Resource_Exhaustion__rand_fwrite_15.c	153
/home/swlab-jueon/swvul/tools/java-vuln-detection/slicing/output/CPG/c/cwe400_cpg/cwe400-639-cpg-resolved.bin	tc639_flow4	CWE400_Resource_Exhaustion__rand_fwrite_15.c	192	CWE400_Resource_Exhaustion__rand_fwrite_15.c	209
/home/swlab-jueon/swvul/tools/java-vuln-detection/slicing/output/CPG/c/cwe400_cpg/cwe400-639-cpg-resolved.bin	tc639_flow5	CWE400_Resource_Exhaustion__rand_fwrite_15.c	239	CWE400_Resource_Exhaustion__rand_fwrite_15.c	260
/home/swlab-jueon/swvul/tools/java-vuln-detection/slicing/output/CPG/c/cwe400_cpg/cwe400-640-cpg-resolved.bin	tc640_flow1	CWE400_Resource_Exhaustion__rand_fwrite_16.c	32	CWE400_Resource_Exhaustion__rand_fwrite_16.c	48
/home/swlab-jueon/swvul/tools/java-vuln-detection/slicing/output/CPG/c/cwe400_cpg/cwe400-640-cpg-resolved.bin	tc640_flow2	CWE400_Resource_Exhaustion__rand_fwrite_16.c	77	CWE400_Resource_Exhaustion__rand_fwrite_16.c	87
/home/swlab-jueon/swvul/tools/java-vuln-detection/slicing/output/CPG/c/cwe400_cpg/cwe400-640-cpg-resolved.bin	tc640_flow3	CWE400_Resource_Exhaustion__rand_fwrite_16.c	117	CWE400_Resource_Exhaustion__rand_fwrite_16.c	133
/home/swlab-jueon/swvul/tools/java-vuln-detection/slicing/output/CPG/c/cwe400_cpg/cwe400-641-cpg-resolved.bin	tc641_flow1	CWE400_Resource_Exhaustion__rand_fwrite_17.c	33	CWE400_Resource_Exhaustion__rand_fwrite_17.c	48
/home/swlab-jueon/swvul/tools/java-vuln-detection/slicing/output/CPG/c/cwe400_cpg/cwe400-641-cpg-resolved.bin	tc641_flow2	CWE400_Resource_Exhaustion__rand_fwrite_17.c	77	CWE400_Resource_Exhaustion__rand_fwrite_17.c	86
/home/swlab-jueon/swvul/tools/java-vuln-detection/slicing/output/CPG/c/cwe400_cpg/cwe400-641-cpg-resolved.bin	tc641_flow3	CWE400_Resource_Exhaustion__rand_fwrite_17.c	116	CWE400_Resource_Exhaustion__rand_fwrite_17.c	131
/home/swlab-jueon/swvul/tools/java-vuln-detection/slicing/output/CPG/c/cwe400_cpg/cwe400-642-cpg-resolved.bin	tc642_flow1	CWE400_Resource_Exhaustion__rand_fwrite_18.c	32	CWE400_Resource_Exhaustion__rand_fwrite_18.c	46
/home/swlab-jueon/swvul/tools/java-vuln-detection/slicing/output/CPG/c/cwe400_cpg/cwe400-642-cpg-resolved.bin	tc642_flow2	CWE400_Resource_Exhaustion__rand_fwrite_18.c	73	CWE400_Resource_Exhaustion__rand_fwrite_18.c	81
/home/swlab-jueon/swvul/tools/java-vuln-detection/slicing/output/CPG/c/cwe400_cpg/cwe400-642-cpg-resolved.bin	tc642_flow3	CWE400_Resource_Exhaustion__rand_fwrite_18.c	109	CWE400_Resource_Exhaustion__rand_fwrite_18.c	123
/home/swlab-jueon/swvul/tools/java-vuln-detection/slicing/output/CPG/c/cwe400_cpg/cwe400-643-cpg-resolved.bin	tc643_flow1	CWE400_Resource_Exhaustion__rand_fwrite_21.c	63	CWE400_Resource_Exhaustion__rand_fwrite_21.c	42
/home/swlab-jueon/swvul/tools/java-vuln-detection/slicing/output/CPG/c/cwe400_cpg/cwe400-643-cpg-resolved.bin	tc643_flow2	CWE400_Resource_Exhaustion__rand_fwrite_21.c	118	CWE400_Resource_Exhaustion__rand_fwrite_21.c	92
/home/swlab-jueon/swvul/tools/java-vuln-detection/slicing/output/CPG/c/cwe400_cpg/cwe400-643-cpg-resolved.bin	tc643_flow3	CWE400_Resource_Exhaustion__rand_fwrite_21.c	159	CWE400_Resource_Exhaustion__rand_fwrite_21.c	133
/home/swlab-jueon/swvul/tools/java-vuln-detection/slicing/output/CPG/c/cwe400_cpg/cwe400-643-cpg-resolved.bin	tc643_flow4	CWE400_Resource_Exhaustion__rand_fwrite_21.c	201	CWE400_Resource_Exhaustion__rand_fwrite_21.c	180
/home/swlab-jueon/swvul/tools/java-vuln-detection/slicing/output/CPG/c/cwe400_cpg/cwe400-645-cpg-resolved.bin	tc645_flow1	CWE400_Resource_Exhaustion__rand_fwrite_31.c	30	CWE400_Resource_Exhaustion__rand_fwrite_31.c	45
/home/swlab-jueon/swvul/tools/java-vuln-detection/slicing/output/CPG/c/cwe400_cpg/cwe400-645-cpg-resolved.bin	tc645_flow2	CWE400_Resource_Exhaustion__rand_fwrite_31.c	108	CWE400_Resource_Exhaustion__rand_fwrite_31.c	117
/home/swlab-jueon/swvul/tools/java-vuln-detection/slicing/output/CPG/c/cwe400_cpg/cwe400-645-cpg-resolved.bin	tc645_flow3	CWE400_Resource_Exhaustion__rand_fwrite_31.c	71	CWE400_Resource_Exhaustion__rand_fwrite_31.c	86
/home/swlab-jueon/swvul/tools/java-vuln-detection/slicing/output/CPG/c/cwe400_cpg/cwe400-646-cpg-resolved.bin	tc646_flow1	CWE400_Resource_Exhaustion__rand_fwrite_32.c	34	CWE400_Resource_Exhaustion__rand_fwrite_32.c	50
/home/swlab-jueon/swvul/tools/java-vuln-detection/slicing/output/CPG/c/cwe400_cpg/cwe400-646-cpg-resolved.bin	tc646_flow2	CWE400_Resource_Exhaustion__rand_fwrite_32.c	122	CWE400_Resource_Exhaustion__rand_fwrite_32.c	132
/home/swlab-jueon/swvul/tools/java-vuln-detection/slicing/output/CPG/c/cwe400_cpg/cwe400-646-cpg-resolved.bin	tc646_flow3	CWE400_Resource_Exhaustion__rand_fwrite_32.c	80	CWE400_Resource_Exhaustion__rand_fwrite_32.c	96
/home/swlab-jueon/swvul/tools/java-vuln-detection/slicing/output/CPG/c/cwe400_cpg/cwe400-647-cpg-resolved.bin	tc647_flow1	CWE400_Resource_Exhaustion__rand_fwrite_33.cpp	34	CWE400_Resource_Exhaustion__rand_fwrite_33.cpp	48
/home/swlab-jueon/swvul/tools/java-vuln-detection/slicing/output/CPG/c/cwe400_cpg/cwe400-647-cpg-resolved.bin	tc647_flow2	CWE400_Resource_Exhaustion__rand_fwrite_33.cpp	112	CWE400_Resource_Exhaustion__rand_fwrite_33.cpp	120
/home/swlab-jueon/swvul/tools/java-vuln-detection/slicing/output/CPG/c/cwe400_cpg/cwe400-647-cpg-resolved.bin	tc647_flow3	CWE400_Resource_Exhaustion__rand_fwrite_33.cpp	75	CWE400_Resource_Exhaustion__rand_fwrite_33.cpp	89
/home/swlab-jueon/swvul/tools/java-vuln-detection/slicing/output/CPG/c/cwe400_cpg/cwe400-648-cpg-resolved.bin	tc648_flow1	CWE400_Resource_Exhaustion__rand_fwrite_34.c	37	CWE400_Resource_Exhaustion__rand_fwrite_34.c	52
/home/swlab-jueon/swvul/tools/java-vuln-detection/slicing/output/CPG/c/cwe400_cpg/cwe400-648-cpg-resolved.bin	tc648_flow2	CWE400_Resource_Exhaustion__rand_fwrite_34.c	117	CWE400_Resource_Exhaustion__rand_fwrite_34.c	126
/home/swlab-jueon/swvul/tools/java-vuln-detection/slicing/output/CPG/c/cwe400_cpg/cwe400-648-cpg-resolved.bin	tc648_flow3	CWE400_Resource_Exhaustion__rand_fwrite_34.c	79	CWE400_Resource_Exhaustion__rand_fwrite_34.c	94
/home/swlab-jueon/swvul/tools/java-vuln-detection/slicing/output/CPG/c/cwe400_cpg/cwe400-649-cpg-resolved.bin	tc649_flow1	CWE400_Resource_Exhaustion__rand_fwrite_41.c	57	CWE400_Resource_Exhaustion__rand_fwrite_41.c	37
/home/swlab-jueon/swvul/tools/java-vuln-detection/slicing/output/CPG/c/cwe400_cpg/cwe400-649-cpg-resolved.bin	tc649_flow2	CWE400_Resource_Exhaustion__rand_fwrite_41.c	136	CWE400_Resource_Exhaustion__rand_fwrite_41.c	111
/home/swlab-jueon/swvul/tools/java-vuln-detection/slicing/output/CPG/c/cwe400_cpg/cwe400-649-cpg-resolved.bin	tc649_flow3	CWE400_Resource_Exhaustion__rand_fwrite_41.c	99	CWE400_Resource_Exhaustion__rand_fwrite_41.c	79
/home/swlab-jueon/swvul/tools/java-vuln-detection/slicing/output/CPG/c/cwe400_cpg/cwe400-650-cpg-resolved.bin	tc650_flow2	CWE400_Resource_Exhaustion__rand_fwrite_42.c	109	CWE400_Resource_Exhaustion__rand_fwrite_42.c	124
/home/swlab-jueon/swvul/tools/java-vuln-detection/slicing/output/CPG/c/cwe400_cpg/cwe400-650-cpg-resolved.bin	tc650_flow3	CWE400_Resource_Exhaustion__rand_fwrite_42.c	70	CWE400_Resource_Exhaustion__rand_fwrite_42.c	91
/home/swlab-jueon/swvul/tools/java-vuln-detection/slicing/output/CPG/c/cwe400_cpg/cwe400-651-cpg-resolved.bin	tc651_flow1	CWE400_Resource_Exhaustion__rand_fwrite_43.cpp	30	CWE400_Resource_Exhaustion__rand_fwrite_43.cpp	50
/home/swlab-jueon/swvul/tools/java-vuln-detection/slicing/output/CPG/c/cwe400_cpg/cwe400-651-cpg-resolved.bin	tc651_flow2	CWE400_Resource_Exhaustion__rand_fwrite_43.cpp	110	CWE400_Resource_Exhaustion__rand_fwrite_43.cpp	124
/home/swlab-jueon/swvul/tools/java-vuln-detection/slicing/output/CPG/c/cwe400_cpg/cwe400-651-cpg-resolved.bin	tc651_flow3	CWE400_Resource_Exhaustion__rand_fwrite_43.cpp	72	CWE400_Resource_Exhaustion__rand_fwrite_43.cpp	92
/home/swlab-jueon/swvul/tools/java-vuln-detection/slicing/output/CPG/c/cwe400_cpg/cwe400-652-cpg-resolved.bin	tc652_flow1	CWE400_Resource_Exhaustion__rand_fwrite_44.c	59	CWE400_Resource_Exhaustion__rand_fwrite_44.c	37
/home/swlab-jueon/swvul/tools/java-vuln-detection/slicing/output/CPG/c/cwe400_cpg/cwe400-652-cpg-resolved.bin	tc652_flow2	CWE400_Resource_Exhaustion__rand_fwrite_44.c	141	CWE400_Resource_Exhaustion__rand_fwrite_44.c	115
/home/swlab-jueon/swvul/tools/java-vuln-detection/slicing/output/CPG/c/cwe400_cpg/cwe400-652-cpg-resolved.bin	tc652_flow3	CWE400_Resource_Exhaustion__rand_fwrite_44.c	103	CWE400_Resource_Exhaustion__rand_fwrite_44.c	82
/home/swlab-jueon/swvul/tools/java-vuln-detection/slicing/output/CPG/c/cwe400_cpg/cwe400-653-cpg-resolved.bin	tc653_flow1	CWE400_Resource_Exhaustion__rand_fwrite_45.c	62	CWE400_Resource_Exhaustion__rand_fwrite_45.c	42
/home/swlab-jueon/swvul/tools/java-vuln-detection/slicing/output/CPG/c/cwe400_cpg/cwe400-653-cpg-resolved.bin	tc653_flow2	CWE400_Resource_Exhaustion__rand_fwrite_45.c	145	CWE400_Resource_Exhaustion__rand_fwrite_45.c	120
/home/swlab-jueon/swvul/tools/java-vuln-detection/slicing/output/CPG/c/cwe400_cpg/cwe400-653-cpg-resolved.bin	tc653_flow3	CWE400_Resource_Exhaustion__rand_fwrite_45.c	106	CWE400_Resource_Exhaustion__rand_fwrite_45.c	86
/home/swlab-jueon/swvul/tools/java-vuln-detection/slicing/output/CPG/c/cwe400_cpg/cwe400-658-cpg-resolved.bin	tc658_flow2	CWE400_Resource_Exhaustion__rand_fwrite_61b.c	47	CWE400_Resource_Exhaustion__rand_fwrite_61a.c	110
/home/swlab-jueon/swvul/tools/java-vuln-detection/slicing/output/CPG/c/cwe400_cpg/cwe400-658-cpg-resolved.bin	tc658_flow3	CWE400_Resource_Exhaustion__rand_fwrite_61b.c	39	CWE400_Resource_Exhaustion__rand_fwrite_61a.c	82
/home/swlab-jueon/swvul/tools/java-vuln-detection/slicing/output/CPG/c/cwe400_cpg/cwe400-659-cpg-resolved.bin	tc659_flow1	CWE400_Resource_Exhaustion__rand_fwrite_62b.cpp	28	CWE400_Resource_Exhaustion__rand_fwrite_62a.cpp	47
/home/swlab-jueon/swvul/tools/java-vuln-detection/slicing/output/CPG/c/cwe400_cpg/cwe400-659-cpg-resolved.bin	tc659_flow2	CWE400_Resource_Exhaustion__rand_fwrite_62b.cpp	46	CWE400_Resource_Exhaustion__rand_fwrite_62a.cpp	113
/home/swlab-jueon/swvul/tools/java-vuln-detection/slicing/output/CPG/c/cwe400_cpg/cwe400-659-cpg-resolved.bin	tc659_flow3	CWE400_Resource_Exhaustion__rand_fwrite_62b.cpp	39	CWE400_Resource_Exhaustion__rand_fwrite_62a.cpp	85
/home/swlab-jueon/swvul/tools/java-vuln-detection/slicing/output/CPG/c/cwe400_cpg/cwe400-666-cpg-resolved.bin	tc666_flow1	CWE400_Resource_Exhaustion__rand_fwrite_72a.cpp	38	CWE400_Resource_Exhaustion__rand_fwrite_72b.cpp	45
/home/swlab-jueon/swvul/tools/java-vuln-detection/slicing/output/CPG/c/cwe400_cpg/cwe400-666-cpg-resolved.bin	tc666_flow2	CWE400_Resource_Exhaustion__rand_fwrite_72a.cpp	78	CWE400_Resource_Exhaustion__rand_fwrite_72b.cpp	101
/home/swlab-jueon/swvul/tools/java-vuln-detection/slicing/output/CPG/c/cwe400_cpg/cwe400-666-cpg-resolved.bin	tc666_flow3	CWE400_Resource_Exhaustion__rand_fwrite_72a.cpp	60	CWE400_Resource_Exhaustion__rand_fwrite_72b.cpp	78
/home/swlab-jueon/swvul/tools/java-vuln-detection/slicing/output/CPG/c/cwe400_cpg/cwe400-667-cpg-resolved.bin	tc667_flow1	CWE400_Resource_Exhaustion__rand_fwrite_73a.cpp	38	CWE400_Resource_Exhaustion__rand_fwrite_73b.cpp	45
/home/swlab-jueon/swvul/tools/java-vuln-detection/slicing/output/CPG/c/cwe400_cpg/cwe400-667-cpg-resolved.bin	tc667_flow2	CWE400_Resource_Exhaustion__rand_fwrite_73a.cpp	78	CWE400_Resource_Exhaustion__rand_fwrite_73b.cpp	101
/home/swlab-jueon/swvul/tools/java-vuln-detection/slicing/output/CPG/c/cwe400_cpg/cwe400-667-cpg-resolved.bin	tc667_flow3	CWE400_Resource_Exhaustion__rand_fwrite_73a.cpp	60	CWE400_Resource_Exhaustion__rand_fwrite_73b.cpp	78
/home/swlab-jueon/swvul/tools/java-vuln-detection/slicing/output/CPG/c/cwe400_cpg/cwe400-668-cpg-resolved.bin	tc668_flow1	CWE400_Resource_Exhaustion__rand_fwrite_74a.cpp	38	CWE400_Resource_Exhaustion__rand_fwrite_74b.cpp	45
/home/swlab-jueon/swvul/tools/java-vuln-detection/slicing/output/CPG/c/cwe400_cpg/cwe400-668-cpg-resolved.bin	tc668_flow2	CWE400_Resource_Exhaustion__rand_fwrite_74a.cpp	78	CWE400_Resource_Exhaustion__rand_fwrite_74b.cpp	101
/home/swlab-jueon/swvul/tools/java-vuln-detection/slicing/output/CPG/c/cwe400_cpg/cwe400-668-cpg-resolved.bin	tc668_flow3	CWE400_Resource_Exhaustion__rand_fwrite_74a.cpp	60	CWE400_Resource_Exhaustion__rand_fwrite_74b.cpp	78
/home/swlab-jueon/swvul/tools/java-vuln-detection/slicing/output/CPG/c/cwe400_cpg/cwe400-669-cpg-resolved.bin	tc669_flow1	CWE400_Resource_Exhaustion__rand_fwrite_81a.cpp	32	CWE400_Resource_Exhaustion__rand_fwrite_81_bad.cpp	40
/home/swlab-jueon/swvul/tools/java-vuln-detection/slicing/output/CPG/c/cwe400_cpg/cwe400-669-cpg-resolved.bin	tc669_flow2	CWE400_Resource_Exhaustion__rand_fwrite_81a.cpp	60	CWE400_Resource_Exhaustion__rand_fwrite_81_goodB2G.cpp	34
/home/swlab-jueon/swvul/tools/java-vuln-detection/slicing/output/CPG/c/cwe400_cpg/cwe400-669-cpg-resolved.bin	tc669_flow3	CWE400_Resource_Exhaustion__rand_fwrite_81a.cpp	48	CWE400_Resource_Exhaustion__rand_fwrite_81_goodG2B.cpp	40
/home/swlab-jueon/swvul/tools/java-vuln-detection/slicing/output/CPG/c/cwe400_cpg/cwe400-670-cpg-resolved.bin	tc670_flow1	CWE400_Resource_Exhaustion__rand_fwrite_82a.cpp	32	CWE400_Resource_Exhaustion__rand_fwrite_82_bad.cpp	40
/home/swlab-jueon/swvul/tools/java-vuln-detection/slicing/output/CPG/c/cwe400_cpg/cwe400-670-cpg-resolved.bin	tc670_flow2	CWE400_Resource_Exhaustion__rand_fwrite_82a.cpp	62	CWE400_Resource_Exhaustion__rand_fwrite_82_goodB2G.cpp	34
/home/swlab-jueon/swvul/tools/java-vuln-detection/slicing/output/CPG/c/cwe400_cpg/cwe400-670-cpg-resolved.bin	tc670_flow3	CWE400_Resource_Exhaustion__rand_fwrite_82a.cpp	49	CWE400_Resource_Exhaustion__rand_fwrite_82_goodG2B.cpp	40
/home/swlab-jueon/swvul/tools/java-vuln-detection/slicing/output/CPG/c/cwe400_cpg/cwe400-673-cpg-resolved.bin	tc673_flow1	CWE400_Resource_Exhaustion__rand_sleep_01.c	36	CWE400_Resource_Exhaustion__rand_sleep_01.c	38
/home/swlab-jueon/swvul/tools/java-vuln-detection/slicing/output/CPG/c/cwe400_cpg/cwe400-673-cpg-resolved.bin	tc673_flow2	CWE400_Resource_Exhaustion__rand_sleep_01.c	66	CWE400_Resource_Exhaustion__rand_sleep_01.c	68
/home/swlab-jueon/swvul/tools/java-vuln-detection/slicing/output/CPG/c/cwe400_cpg/cwe400-673-cpg-resolved.bin	tc673_flow3	CWE400_Resource_Exhaustion__rand_sleep_01.c	53	CWE400_Resource_Exhaustion__rand_sleep_01.c	55
/home/swlab-jueon/swvul/tools/java-vuln-detection/slicing/output/CPG/c/cwe400_cpg/cwe400-674-cpg-resolved.bin	tc674_flow1	CWE400_Resource_Exhaustion__rand_sleep_02.c	38	CWE400_Resource_Exhaustion__rand_sleep_02.c	43
/home/swlab-jueon/swvul/tools/java-vuln-detection/slicing/output/CPG/c/cwe400_cpg/cwe400-674-cpg-resolved.bin	tc674_flow2	CWE400_Resource_Exhaustion__rand_sleep_02.c	61	CWE400_Resource_Exhaustion__rand_sleep_02.c	71
/home/swlab-jueon/swvul/tools/java-vuln-detection/slicing/output/CPG/c/cwe400_cpg/cwe400-674-cpg-resolved.bin	tc674_flow3	CWE400_Resource_Exhaustion__rand_sleep_02.c	92	CWE400_Resource_Exhaustion__rand_sleep_02.c	97
/home/swlab-jueon/swvul/tools/java-vuln-detection/slicing/output/CPG/c/cwe400_cpg/cwe400-674-cpg-resolved.bin	tc674_flow4	CWE400_Resource_Exhaustion__rand_sleep_02.c	123	CWE400_Resource_Exhaustion__rand_sleep_02.c	128
/home/swlab-jueon/swvul/tools/java-vuln-detection/slicing/output/CPG/c/cwe400_cpg/cwe400-674-cpg-resolved.bin	tc674_flow5	CWE400_Resource_Exhaustion__rand_sleep_02.c	142	CWE400_Resource_Exhaustion__rand_sleep_02.c	147
/home/swlab-jueon/swvul/tools/java-vuln-detection/slicing/output/CPG/c/cwe400_cpg/cwe400-675-cpg-resolved.bin	tc675_flow1	CWE400_Resource_Exhaustion__rand_sleep_03.c	38	CWE400_Resource_Exhaustion__rand_sleep_03.c	43
/home/swlab-jueon/swvul/tools/java-vuln-detection/slicing/output/CPG/c/cwe400_cpg/cwe400-675-cpg-resolved.bin	tc675_flow2	CWE400_Resource_Exhaustion__rand_sleep_03.c	61	CWE400_Resource_Exhaustion__rand_sleep_03.c	71
/home/swlab-jueon/swvul/tools/java-vuln-detection/slicing/output/CPG/c/cwe400_cpg/cwe400-675-cpg-resolved.bin	tc675_flow3	CWE400_Resource_Exhaustion__rand_sleep_03.c	92	CWE400_Resource_Exhaustion__rand_sleep_03.c	97
/home/swlab-jueon/swvul/tools/java-vuln-detection/slicing/output/CPG/c/cwe400_cpg/cwe400-675-cpg-resolved.bin	tc675_flow4	CWE400_Resource_Exhaustion__rand_sleep_03.c	123	CWE400_Resource_Exhaustion__rand_sleep_03.c	128
/home/swlab-jueon/swvul/tools/java-vuln-detection/slicing/output/CPG/c/cwe400_cpg/cwe400-675-cpg-resolved.bin	tc675_flow5	CWE400_Resource_Exhaustion__rand_sleep_03.c	142	CWE400_Resource_Exhaustion__rand_sleep_03.c	147
/home/swlab-jueon/swvul/tools/java-vuln-detection/slicing/output/CPG/c/cwe400_cpg/cwe400-676-cpg-resolved.bin	tc676_flow1	CWE400_Resource_Exhaustion__rand_sleep_04.c	44	CWE400_Resource_Exhaustion__rand_sleep_04.c	49
/home/swlab-jueon/swvul/tools/java-vuln-detection/slicing/output/CPG/c/cwe400_cpg/cwe400-676-cpg-resolved.bin	tc676_flow2	CWE400_Resource_Exhaustion__rand_sleep_04.c	67	CWE400_Resource_Exhaustion__rand_sleep_04.c	77
/home/swlab-jueon/swvul/tools/java-vuln-detection/slicing/output/CPG/c/cwe400_cpg/cwe400-676-cpg-resolved.bin	tc676_flow3	CWE400_Resource_Exhaustion__rand_sleep_04.c	98	CWE400_Resource_Exhaustion__rand_sleep_04.c	103
/home/swlab-jueon/swvul/tools/java-vuln-detection/slicing/output/CPG/c/cwe400_cpg/cwe400-676-cpg-resolved.bin	tc676_flow4	CWE400_Resource_Exhaustion__rand_sleep_04.c	129	CWE400_Resource_Exhaustion__rand_sleep_04.c	134
/home/swlab-jueon/swvul/tools/java-vuln-detection/slicing/output/CPG/c/cwe400_cpg/cwe400-676-cpg-resolved.bin	tc676_flow5	CWE400_Resource_Exhaustion__rand_sleep_04.c	148	CWE400_Resource_Exhaustion__rand_sleep_04.c	153
/home/swlab-jueon/swvul/tools/java-vuln-detection/slicing/output/CPG/c/cwe400_cpg/cwe400-677-cpg-resolved.bin	tc677_flow1	CWE400_Resource_Exhaustion__rand_sleep_05.c	44	CWE400_Resource_Exhaustion__rand_sleep_05.c	49
/home/swlab-jueon/swvul/tools/java-vuln-detection/slicing/output/CPG/c/cwe400_cpg/cwe400-677-cpg-resolved.bin	tc677_flow2	CWE400_Resource_Exhaustion__rand_sleep_05.c	67	CWE400_Resource_Exhaustion__rand_sleep_05.c	77
/home/swlab-jueon/swvul/tools/java-vuln-detection/slicing/output/CPG/c/cwe400_cpg/cwe400-677-cpg-resolved.bin	tc677_flow3	CWE400_Resource_Exhaustion__rand_sleep_05.c	98	CWE400_Resource_Exhaustion__rand_sleep_05.c	103
/home/swlab-jueon/swvul/tools/java-vuln-detection/slicing/output/CPG/c/cwe400_cpg/cwe400-677-cpg-resolved.bin	tc677_flow4	CWE400_Resource_Exhaustion__rand_sleep_05.c	129	CWE400_Resource_Exhaustion__rand_sleep_05.c	134
/home/swlab-jueon/swvul/tools/java-vuln-detection/slicing/output/CPG/c/cwe400_cpg/cwe400-677-cpg-resolved.bin	tc677_flow5	CWE400_Resource_Exhaustion__rand_sleep_05.c	148	CWE400_Resource_Exhaustion__rand_sleep_05.c	153
/home/swlab-jueon/swvul/tools/java-vuln-detection/slicing/output/CPG/c/cwe400_cpg/cwe400-678-cpg-resolved.bin	tc678_flow1	CWE400_Resource_Exhaustion__rand_sleep_06.c	43	CWE400_Resource_Exhaustion__rand_sleep_06.c	48
/home/swlab-jueon/swvul/tools/java-vuln-detection/slicing/output/CPG/c/cwe400_cpg/cwe400-678-cpg-resolved.bin	tc678_flow2	CWE400_Resource_Exhaustion__rand_sleep_06.c	66	CWE400_Resource_Exhaustion__rand_sleep_06.c	76
/home/swlab-jueon/swvul/tools/java-vuln-detection/slicing/output/CPG/c/cwe400_cpg/cwe400-678-cpg-resolved.bin	tc678_flow3	CWE400_Resource_Exhaustion__rand_sleep_06.c	97	CWE400_Resource_Exhaustion__rand_sleep_06.c	102
/home/swlab-jueon/swvul/tools/java-vuln-detection/slicing/output/CPG/c/cwe400_cpg/cwe400-678-cpg-resolved.bin	tc678_flow4	CWE400_Resource_Exhaustion__rand_sleep_06.c	128	CWE400_Resource_Exhaustion__rand_sleep_06.c	133
/home/swlab-jueon/swvul/tools/java-vuln-detection/slicing/output/CPG/c/cwe400_cpg/cwe400-678-cpg-resolved.bin	tc678_flow5	CWE400_Resource_Exhaustion__rand_sleep_06.c	147	CWE400_Resource_Exhaustion__rand_sleep_06.c	152
/home/swlab-jueon/swvul/tools/java-vuln-detection/slicing/output/CPG/c/cwe400_cpg/cwe400-679-cpg-resolved.bin	tc679_flow1	CWE400_Resource_Exhaustion__rand_sleep_07.c	43	CWE400_Resource_Exhaustion__rand_sleep_07.c	48
/home/swlab-jueon/swvul/tools/java-vuln-detection/slicing/output/CPG/c/cwe400_cpg/cwe400-679-cpg-resolved.bin	tc679_flow2	CWE400_Resource_Exhaustion__rand_sleep_07.c	66	CWE400_Resource_Exhaustion__rand_sleep_07.c	76
/home/swlab-jueon/swvul/tools/java-vuln-detection/slicing/output/CPG/c/cwe400_cpg/cwe400-679-cpg-resolved.bin	tc679_flow3	CWE400_Resource_Exhaustion__rand_sleep_07.c	97	CWE400_Resource_Exhaustion__rand_sleep_07.c	102
/home/swlab-jueon/swvul/tools/java-vuln-detection/slicing/output/CPG/c/cwe400_cpg/cwe400-679-cpg-resolved.bin	tc679_flow4	CWE400_Resource_Exhaustion__rand_sleep_07.c	128	CWE400_Resource_Exhaustion__rand_sleep_07.c	133
/home/swlab-jueon/swvul/tools/java-vuln-detection/slicing/output/CPG/c/cwe400_cpg/cwe400-679-cpg-resolved.bin	tc679_flow5	CWE400_Resource_Exhaustion__rand_sleep_07.c	147	CWE400_Resource_Exhaustion__rand_sleep_07.c	152
/home/swlab-jueon/swvul/tools/java-vuln-detection/slicing/output/CPG/c/cwe400_cpg/cwe400-680-cpg-resolved.bin	tc680_flow1	CWE400_Resource_Exhaustion__rand_sleep_08.c	51	CWE400_Resource_Exhaustion__rand_sleep_08.c	56
/home/swlab-jueon/swvul/tools/java-vuln-detection/slicing/output/CPG/c/cwe400_cpg/cwe400-680-cpg-resolved.bin	tc680_flow2	CWE400_Resource_Exhaustion__rand_sleep_08.c	74	CWE400_Resource_Exhaustion__rand_sleep_08.c	84
/home/swlab-jueon/swvul/tools/java-vuln-detection/slicing/output/CPG/c/cwe400_cpg/cwe400-680-cpg-resolved.bin	tc680_flow3	CWE400_Resource_Exhaustion__rand_sleep_08.c	105	CWE400_Resource_Exhaustion__rand_sleep_08.c	110
/home/swlab-jueon/swvul/tools/java-vuln-detection/slicing/output/CPG/c/cwe400_cpg/cwe400-680-cpg-resolved.bin	tc680_flow4	CWE400_Resource_Exhaustion__rand_sleep_08.c	136	CWE400_Resource_Exhaustion__rand_sleep_08.c	141
/home/swlab-jueon/swvul/tools/java-vuln-detection/slicing/output/CPG/c/cwe400_cpg/cwe400-680-cpg-resolved.bin	tc680_flow5	CWE400_Resource_Exhaustion__rand_sleep_08.c	155	CWE400_Resource_Exhaustion__rand_sleep_08.c	160
/home/swlab-jueon/swvul/tools/java-vuln-detection/slicing/output/CPG/c/cwe400_cpg/cwe400-681-cpg-resolved.bin	tc681_flow1	CWE400_Resource_Exhaustion__rand_sleep_09.c	38	CWE400_Resource_Exhaustion__rand_sleep_09.c	43
/home/swlab-jueon/swvul/tools/java-vuln-detection/slicing/output/CPG/c/cwe400_cpg/cwe400-681-cpg-resolved.bin	tc681_flow2	CWE400_Resource_Exhaustion__rand_sleep_09.c	61	CWE400_Resource_Exhaustion__rand_sleep_09.c	71
/home/swlab-jueon/swvul/tools/java-vuln-detection/slicing/output/CPG/c/cwe400_cpg/cwe400-681-cpg-resolved.bin	tc681_flow3	CWE400_Resource_Exhaustion__rand_sleep_09.c	92	CWE400_Resource_Exhaustion__rand_sleep_09.c	97
/home/swlab-jueon/swvul/tools/java-vuln-detection/slicing/output/CPG/c/cwe400_cpg/cwe400-681-cpg-resolved.bin	tc681_flow4	CWE400_Resource_Exhaustion__rand_sleep_09.c	123	CWE400_Resource_Exhaustion__rand_sleep_09.c	128
/home/swlab-jueon/swvul/tools/java-vuln-detection/slicing/output/CPG/c/cwe400_cpg/cwe400-681-cpg-resolved.bin	tc681_flow5	CWE400_Resource_Exhaustion__rand_sleep_09.c	142	CWE400_Resource_Exhaustion__rand_sleep_09.c	147
/home/swlab-jueon/swvul/tools/java-vuln-detection/slicing/output/CPG/c/cwe400_cpg/cwe400-682-cpg-resolved.bin	tc682_flow1	CWE400_Resource_Exhaustion__rand_sleep_10.c	38	CWE400_Resource_Exhaustion__rand_sleep_10.c	43
/home/swlab-jueon/swvul/tools/java-vuln-detection/slicing/output/CPG/c/cwe400_cpg/cwe400-682-cpg-resolved.bin	tc682_flow2	CWE400_Resource_Exhaustion__rand_sleep_10.c	61	CWE400_Resource_Exhaustion__rand_sleep_10.c	71
/home/swlab-jueon/swvul/tools/java-vuln-detection/slicing/output/CPG/c/cwe400_cpg/cwe400-682-cpg-resolved.bin	tc682_flow3	CWE400_Resource_Exhaustion__rand_sleep_10.c	92	CWE400_Resource_Exhaustion__rand_sleep_10.c	97
/home/swlab-jueon/swvul/tools/java-vuln-detection/slicing/output/CPG/c/cwe400_cpg/cwe400-682-cpg-resolved.bin	tc682_flow4	CWE400_Resource_Exhaustion__rand_sleep_10.c	123	CWE400_Resource_Exhaustion__rand_sleep_10.c	128
/home/swlab-jueon/swvul/tools/java-vuln-detection/slicing/output/CPG/c/cwe400_cpg/cwe400-682-cpg-resolved.bin	tc682_flow5	CWE400_Resource_Exhaustion__rand_sleep_10.c	142	CWE400_Resource_Exhaustion__rand_sleep_10.c	147
/home/swlab-jueon/swvul/tools/java-vuln-detection/slicing/output/CPG/c/cwe400_cpg/cwe400-683-cpg-resolved.bin	tc683_flow1	CWE400_Resource_Exhaustion__rand_sleep_11.c	38	CWE400_Resource_Exhaustion__rand_sleep_11.c	43
/home/swlab-jueon/swvul/tools/java-vuln-detection/slicing/output/CPG/c/cwe400_cpg/cwe400-683-cpg-resolved.bin	tc683_flow2	CWE400_Resource_Exhaustion__rand_sleep_11.c	61	CWE400_Resource_Exhaustion__rand_sleep_11.c	71
/home/swlab-jueon/swvul/tools/java-vuln-detection/slicing/output/CPG/c/cwe400_cpg/cwe400-683-cpg-resolved.bin	tc683_flow3	CWE400_Resource_Exhaustion__rand_sleep_11.c	92	CWE400_Resource_Exhaustion__rand_sleep_11.c	97
/home/swlab-jueon/swvul/tools/java-vuln-detection/slicing/output/CPG/c/cwe400_cpg/cwe400-683-cpg-resolved.bin	tc683_flow4	CWE400_Resource_Exhaustion__rand_sleep_11.c	123	CWE400_Resource_Exhaustion__rand_sleep_11.c	128
/home/swlab-jueon/swvul/tools/java-vuln-detection/slicing/output/CPG/c/cwe400_cpg/cwe400-683-cpg-resolved.bin	tc683_flow5	CWE400_Resource_Exhaustion__rand_sleep_11.c	142	CWE400_Resource_Exhaustion__rand_sleep_11.c	147
/home/swlab-jueon/swvul/tools/java-vuln-detection/slicing/output/CPG/c/cwe400_cpg/cwe400-684-cpg-resolved.bin	tc684_flow2	CWE400_Resource_Exhaustion__rand_sleep_12.c	81	CWE400_Resource_Exhaustion__rand_sleep_12.c	104
/home/swlab-jueon/swvul/tools/java-vuln-detection/slicing/output/CPG/c/cwe400_cpg/cwe400-684-cpg-resolved.bin	tc684_flow3	CWE400_Resource_Exhaustion__rand_sleep_12.c	127	CWE400_Resource_Exhaustion__rand_sleep_12.c	143
/home/swlab-jueon/swvul/tools/java-vuln-detection/slicing/output/CPG/c/cwe400_cpg/cwe400-685-cpg-resolved.bin	tc685_flow1	CWE400_Resource_Exhaustion__rand_sleep_13.c	38	CWE400_Resource_Exhaustion__rand_sleep_13.c	43
/home/swlab-jueon/swvul/tools/java-vuln-detection/slicing/output/CPG/c/cwe400_cpg/cwe400-685-cpg-resolved.bin	tc685_flow2	CWE400_Resource_Exhaustion__rand_sleep_13.c	61	CWE400_Resource_Exhaustion__rand_sleep_13.c	71
/home/swlab-jueon/swvul/tools/java-vuln-detection/slicing/output/CPG/c/cwe400_cpg/cwe400-685-cpg-resolved.bin	tc685_flow3	CWE400_Resource_Exhaustion__rand_sleep_13.c	92	CWE400_Resource_Exhaustion__rand_sleep_13.c	97
/home/swlab-jueon/swvul/tools/java-vuln-detection/slicing/output/CPG/c/cwe400_cpg/cwe400-685-cpg-resolved.bin	tc685_flow4	CWE400_Resource_Exhaustion__rand_sleep_13.c	123	CWE400_Resource_Exhaustion__rand_sleep_13.c	128
/home/swlab-jueon/swvul/tools/java-vuln-detection/slicing/output/CPG/c/cwe400_cpg/cwe400-685-cpg-resolved.bin	tc685_flow5	CWE400_Resource_Exhaustion__rand_sleep_13.c	142	CWE400_Resource_Exhaustion__rand_sleep_13.c	147
/home/swlab-jueon/swvul/tools/java-vuln-detection/slicing/output/CPG/c/cwe400_cpg/cwe400-686-cpg-resolved.bin	tc686_flow1	CWE400_Resource_Exhaustion__rand_sleep_14.c	38	CWE400_Resource_Exhaustion__rand_sleep_14.c	43
/home/swlab-jueon/swvul/tools/java-vuln-detection/slicing/output/CPG/c/cwe400_cpg/cwe400-686-cpg-resolved.bin	tc686_flow2	CWE400_Resource_Exhaustion__rand_sleep_14.c	61	CWE400_Resource_Exhaustion__rand_sleep_14.c	71
/home/swlab-jueon/swvul/tools/java-vuln-detection/slicing/output/CPG/c/cwe400_cpg/cwe400-686-cpg-resolved.bin	tc686_flow3	CWE400_Resource_Exhaustion__rand_sleep_14.c	92	CWE400_Resource_Exhaustion__rand_sleep_14.c	97
/home/swlab-jueon/swvul/tools/java-vuln-detection/slicing/output/CPG/c/cwe400_cpg/cwe400-686-cpg-resolved.bin	tc686_flow4	CWE400_Resource_Exhaustion__rand_sleep_14.c	123	CWE400_Resource_Exhaustion__rand_sleep_14.c	128
/home/swlab-jueon/swvul/tools/java-vuln-detection/slicing/output/CPG/c/cwe400_cpg/cwe400-686-cpg-resolved.bin	tc686_flow5	CWE400_Resource_Exhaustion__rand_sleep_14.c	142	CWE400_Resource_Exhaustion__rand_sleep_14.c	147
/home/swlab-jueon/swvul/tools/java-vuln-detection/slicing/output/CPG/c/cwe400_cpg/cwe400-687-cpg-resolved.bin	tc687_flow1	CWE400_Resource_Exhaustion__rand_sleep_15.c	39	CWE400_Resource_Exhaustion__rand_sleep_15.c	50
/home/swlab-jueon/swvul/tools/java-vuln-detection/slicing/output/CPG/c/cwe400_cpg/cwe400-687-cpg-resolved.bin	tc687_flow2	CWE400_Resource_Exhaustion__rand_sleep_15.c	74	CWE400_Resource_Exhaustion__rand_sleep_15.c	89
/home/swlab-jueon/swvul/tools/java-vuln-detection/slicing/output/CPG/c/cwe400_cpg/cwe400-687-cpg-resolved.bin	tc687_flow3	CWE400_Resource_Exhaustion__rand_sleep_15.c	112	CWE400_Resource_Exhaustion__rand_sleep_15.c	123
/home/swlab-jueon/swvul/tools/java-vuln-detection/slicing/output/CPG/c/cwe400_cpg/cwe400-687-cpg-resolved.bin	tc687_flow4	CWE400_Resource_Exhaustion__rand_sleep_15.c	154	CWE400_Resource_Exhaustion__rand_sleep_15.c	161
/home/swlab-jueon/swvul/tools/java-vuln-detection/slicing/output/CPG/c/cwe400_cpg/cwe400-687-cpg-resolved.bin	tc687_flow5	CWE400_Resource_Exhaustion__rand_sleep_15.c	181	CWE400_Resource_Exhaustion__rand_sleep_15.c	192
/home/swlab-jueon/swvul/tools/java-vuln-detection/slicing/output/CPG/c/cwe400_cpg/cwe400-688-cpg-resolved.bin	tc688_flow1	CWE400_Resource_Exhaustion__rand_sleep_16.c	38	CWE400_Resource_Exhaustion__rand_sleep_16.c	44
/home/swlab-jueon/swvul/tools/java-vuln-detection/slicing/output/CPG/c/cwe400_cpg/cwe400-688-cpg-resolved.bin	tc688_flow2	CWE400_Resource_Exhaustion__rand_sleep_16.c	63	CWE400_Resource_Exhaustion__rand_sleep_16.c	69
/home/swlab-jueon/swvul/tools/java-vuln-detection/slicing/output/CPG/c/cwe400_cpg/cwe400-688-cpg-resolved.bin	tc688_flow3	CWE400_Resource_Exhaustion__rand_sleep_16.c	91	CWE400_Resource_Exhaustion__rand_sleep_16.c	97
/home/swlab-jueon/swvul/tools/java-vuln-detection/slicing/output/CPG/c/cwe400_cpg/cwe400-689-cpg-resolved.bin	tc689_flow1	CWE400_Resource_Exhaustion__rand_sleep_17.c	39	CWE400_Resource_Exhaustion__rand_sleep_17.c	44
/home/swlab-jueon/swvul/tools/java-vuln-detection/slicing/output/CPG/c/cwe400_cpg/cwe400-689-cpg-resolved.bin	tc689_flow2	CWE400_Resource_Exhaustion__rand_sleep_17.c	63	CWE400_Resource_Exhaustion__rand_sleep_17.c	68
/home/swlab-jueon/swvul/tools/java-vuln-detection/slicing/output/CPG/c/cwe400_cpg/cwe400-689-cpg-resolved.bin	tc689_flow3	CWE400_Resource_Exhaustion__rand_sleep_17.c	90	CWE400_Resource_Exhaustion__rand_sleep_17.c	95
/home/swlab-jueon/swvul/tools/java-vuln-detection/slicing/output/CPG/c/cwe400_cpg/cwe400-690-cpg-resolved.bin	tc690_flow1	CWE400_Resource_Exhaustion__rand_sleep_18.c	38	CWE400_Resource_Exhaustion__rand_sleep_18.c	42
/home/swlab-jueon/swvul/tools/java-vuln-detection/slicing/output/CPG/c/cwe400_cpg/cwe400-690-cpg-resolved.bin	tc690_flow2	CWE400_Resource_Exhaustion__rand_sleep_18.c	59	CWE400_Resource_Exhaustion__rand_sleep_18.c	63
/home/swlab-jueon/swvul/tools/java-vuln-detection/slicing/output/CPG/c/cwe400_cpg/cwe400-690-cpg-resolved.bin	tc690_flow3	CWE400_Resource_Exhaustion__rand_sleep_18.c	83	CWE400_Resource_Exhaustion__rand_sleep_18.c	87
/home/swlab-jueon/swvul/tools/java-vuln-detection/slicing/output/CPG/c/cwe400_cpg/cwe400-691-cpg-resolved.bin	tc691_flow1	CWE400_Resource_Exhaustion__rand_sleep_21.c	49	CWE400_Resource_Exhaustion__rand_sleep_21.c	38
/home/swlab-jueon/swvul/tools/java-vuln-detection/slicing/output/CPG/c/cwe400_cpg/cwe400-691-cpg-resolved.bin	tc691_flow2	CWE400_Resource_Exhaustion__rand_sleep_21.c	92	CWE400_Resource_Exhaustion__rand_sleep_21.c	74
/home/swlab-jueon/swvul/tools/java-vuln-detection/slicing/output/CPG/c/cwe400_cpg/cwe400-691-cpg-resolved.bin	tc691_flow3	CWE400_Resource_Exhaustion__rand_sleep_21.c	121	CWE400_Resource_Exhaustion__rand_sleep_21.c	103
/home/swlab-jueon/swvul/tools/java-vuln-detection/slicing/output/CPG/c/cwe400_cpg/cwe400-691-cpg-resolved.bin	tc691_flow4	CWE400_Resource_Exhaustion__rand_sleep_21.c	143	CWE400_Resource_Exhaustion__rand_sleep_21.c	132
/home/swlab-jueon/swvul/tools/java-vuln-detection/slicing/output/CPG/c/cwe400_cpg/cwe400-693-cpg-resolved.bin	tc693_flow1	CWE400_Resource_Exhaustion__rand_sleep_31.c	36	CWE400_Resource_Exhaustion__rand_sleep_31.c	41
/home/swlab-jueon/swvul/tools/java-vuln-detection/slicing/output/CPG/c/cwe400_cpg/cwe400-693-cpg-resolved.bin	tc693_flow2	CWE400_Resource_Exhaustion__rand_sleep_31.c	74	CWE400_Resource_Exhaustion__rand_sleep_31.c	79
/home/swlab-jueon/swvul/tools/java-vuln-detection/slicing/output/CPG/c/cwe400_cpg/cwe400-693-cpg-resolved.bin	tc693_flow3	CWE400_Resource_Exhaustion__rand_sleep_31.c	57	CWE400_Resource_Exhaustion__rand_sleep_31.c	62
/home/swlab-jueon/swvul/tools/java-vuln-detection/slicing/output/CPG/c/cwe400_cpg/cwe400-694-cpg-resolved.bin	tc694_flow1	CWE400_Resource_Exhaustion__rand_sleep_32.c	40	CWE400_Resource_Exhaustion__rand_sleep_32.c	46
/home/swlab-jueon/swvul/tools/java-vuln-detection/slicing/output/CPG/c/cwe400_cpg/cwe400-694-cpg-resolved.bin	tc694_flow2	CWE400_Resource_Exhaustion__rand_sleep_32.c	88	CWE400_Resource_Exhaustion__rand_sleep_32.c	94
/home/swlab-jueon/swvul/tools/java-vuln-detection/slicing/output/CPG/c/cwe400_cpg/cwe400-694-cpg-resolved.bin	tc694_flow3	CWE400_Resource_Exhaustion__rand_sleep_32.c	66	CWE400_Resource_Exhaustion__rand_sleep_32.c	72
/home/swlab-jueon/swvul/tools/java-vuln-detection/slicing/output/CPG/c/cwe400_cpg/cwe400-695-cpg-resolved.bin	tc695_flow1	CWE400_Resource_Exhaustion__rand_sleep_33.cpp	40	CWE400_Resource_Exhaustion__rand_sleep_33.cpp	44
/home/swlab-jueon/swvul/tools/java-vuln-detection/slicing/output/CPG/c/cwe400_cpg/cwe400-695-cpg-resolved.bin	tc695_flow2	CWE400_Resource_Exhaustion__rand_sleep_33.cpp	78	CWE400_Resource_Exhaustion__rand_sleep_33.cpp	82
/home/swlab-jueon/swvul/tools/java-vuln-detection/slicing/output/CPG/c/cwe400_cpg/cwe400-695-cpg-resolved.bin	tc695_flow3	CWE400_Resource_Exhaustion__rand_sleep_33.cpp	61	CWE400_Resource_Exhaustion__rand_sleep_33.cpp	65
/home/swlab-jueon/swvul/tools/java-vuln-detection/slicing/output/CPG/c/cwe400_cpg/cwe400-696-cpg-resolved.bin	tc696_flow1	CWE400_Resource_Exhaustion__rand_sleep_34.c	43	CWE400_Resource_Exhaustion__rand_sleep_34.c	48
/home/swlab-jueon/swvul/tools/java-vuln-detection/slicing/output/CPG/c/cwe400_cpg/cwe400-696-cpg-resolved.bin	tc696_flow2	CWE400_Resource_Exhaustion__rand_sleep_34.c	83	CWE400_Resource_Exhaustion__rand_sleep_34.c	88
/home/swlab-jueon/swvul/tools/java-vuln-detection/slicing/output/CPG/c/cwe400_cpg/cwe400-696-cpg-resolved.bin	tc696_flow3	CWE400_Resource_Exhaustion__rand_sleep_34.c	65	CWE400_Resource_Exhaustion__rand_sleep_34.c	70
/home/swlab-jueon/swvul/tools/java-vuln-detection/slicing/output/CPG/c/cwe400_cpg/cwe400-697-cpg-resolved.bin	tc697_flow1	CWE400_Resource_Exhaustion__rand_sleep_41.c	43	CWE400_Resource_Exhaustion__rand_sleep_41.c	33
/home/swlab-jueon/swvul/tools/java-vuln-detection/slicing/output/CPG/c/cwe400_cpg/cwe400-697-cpg-resolved.bin	tc697_flow2	CWE400_Resource_Exhaustion__rand_sleep_41.c	90	CWE400_Resource_Exhaustion__rand_sleep_41.c	73
/home/swlab-jueon/swvul/tools/java-vuln-detection/slicing/output/CPG/c/cwe400_cpg/cwe400-697-cpg-resolved.bin	tc697_flow3	CWE400_Resource_Exhaustion__rand_sleep_41.c	65	CWE400_Resource_Exhaustion__rand_sleep_41.c	55
/home/swlab-jueon/swvul/tools/java-vuln-detection/slicing/output/CPG/c/cwe400_cpg/cwe400-698-cpg-resolved.bin	tc698_flow2	CWE400_Resource_Exhaustion__rand_sleep_42.c	75	CWE400_Resource_Exhaustion__rand_sleep_42.c	86
/home/swlab-jueon/swvul/tools/java-vuln-detection/slicing/output/CPG/c/cwe400_cpg/cwe400-698-cpg-resolved.bin	tc698_flow3	CWE400_Resource_Exhaustion__rand_sleep_42.c	56	CWE400_Resource_Exhaustion__rand_sleep_42.c	67
/home/swlab-jueon/swvul/tools/java-vuln-detection/slicing/output/CPG/c/cwe400_cpg/cwe400-699-cpg-resolved.bin	tc699_flow1	CWE400_Resource_Exhaustion__rand_sleep_43.cpp	36	CWE400_Resource_Exhaustion__rand_sleep_43.cpp	46
/home/swlab-jueon/swvul/tools/java-vuln-detection/slicing/output/CPG/c/cwe400_cpg/cwe400-699-cpg-resolved.bin	tc699_flow2	CWE400_Resource_Exhaustion__rand_sleep_43.cpp	76	CWE400_Resource_Exhaustion__rand_sleep_43.cpp	86
/home/swlab-jueon/swvul/tools/java-vuln-detection/slicing/output/CPG/c/cwe400_cpg/cwe400-699-cpg-resolved.bin	tc699_flow3	CWE400_Resource_Exhaustion__rand_sleep_43.cpp	58	CWE400_Resource_Exhaustion__rand_sleep_43.cpp	68
/home/swlab-jueon/swvul/tools/java-vuln-detection/slicing/output/CPG/c/cwe400_cpg/cwe400-700-cpg-resolved.bin	tc700_flow1	CWE400_Resource_Exhaustion__rand_sleep_44.c	45	CWE400_Resource_Exhaustion__rand_sleep_44.c	33
/home/swlab-jueon/swvul/tools/java-vuln-detection/slicing/output/CPG/c/cwe400_cpg/cwe400-700-cpg-resolved.bin	tc700_flow2	CWE400_Resource_Exhaustion__rand_sleep_44.c	95	CWE400_Resource_Exhaustion__rand_sleep_44.c	77
/home/swlab-jueon/swvul/tools/java-vuln-detection/slicing/output/CPG/c/cwe400_cpg/cwe400-700-cpg-resolved.bin	tc700_flow3	CWE400_Resource_Exhaustion__rand_sleep_44.c	69	CWE400_Resource_Exhaustion__rand_sleep_44.c	58
/home/swlab-jueon/swvul/tools/java-vuln-detection/slicing/output/CPG/c/cwe400_cpg/cwe400-701-cpg-resolved.bin	tc701_flow1	CWE400_Resource_Exhaustion__rand_sleep_45.c	48	CWE400_Resource_Exhaustion__rand_sleep_45.c	38
/home/swlab-jueon/swvul/tools/java-vuln-detection/slicing/output/CPG/c/cwe400_cpg/cwe400-701-cpg-resolved.bin	tc701_flow2	CWE400_Resource_Exhaustion__rand_sleep_45.c	99	CWE400_Resource_Exhaustion__rand_sleep_45.c	82
/home/swlab-jueon/swvul/tools/java-vuln-detection/slicing/output/CPG/c/cwe400_cpg/cwe400-701-cpg-resolved.bin	tc701_flow3	CWE400_Resource_Exhaustion__rand_sleep_45.c	72	CWE400_Resource_Exhaustion__rand_sleep_45.c	62
/home/swlab-jueon/swvul/tools/java-vuln-detection/slicing/output/CPG/c/cwe400_cpg/cwe400-706-cpg-resolved.bin	tc706_flow2	CWE400_Resource_Exhaustion__rand_sleep_61b.c	53	CWE400_Resource_Exhaustion__rand_sleep_61a.c	72
/home/swlab-jueon/swvul/tools/java-vuln-detection/slicing/output/CPG/c/cwe400_cpg/cwe400-706-cpg-resolved.bin	tc706_flow3	CWE400_Resource_Exhaustion__rand_sleep_61b.c	45	CWE400_Resource_Exhaustion__rand_sleep_61a.c	58
/home/swlab-jueon/swvul/tools/java-vuln-detection/slicing/output/CPG/c/cwe400_cpg/cwe400-707-cpg-resolved.bin	tc707_flow1	CWE400_Resource_Exhaustion__rand_sleep_62b.cpp	28	CWE400_Resource_Exhaustion__rand_sleep_62a.cpp	43
/home/swlab-jueon/swvul/tools/java-vuln-detection/slicing/output/CPG/c/cwe400_cpg/cwe400-707-cpg-resolved.bin	tc707_flow2	CWE400_Resource_Exhaustion__rand_sleep_62b.cpp	46	CWE400_Resource_Exhaustion__rand_sleep_62a.cpp	75
/home/swlab-jueon/swvul/tools/java-vuln-detection/slicing/output/CPG/c/cwe400_cpg/cwe400-707-cpg-resolved.bin	tc707_flow3	CWE400_Resource_Exhaustion__rand_sleep_62b.cpp	39	CWE400_Resource_Exhaustion__rand_sleep_62a.cpp	61
/home/swlab-jueon/swvul/tools/java-vuln-detection/slicing/output/CPG/c/cwe400_cpg/cwe400-714-cpg-resolved.bin	tc714_flow1	CWE400_Resource_Exhaustion__rand_sleep_72a.cpp	38	CWE400_Resource_Exhaustion__rand_sleep_72b.cpp	41
/home/swlab-jueon/swvul/tools/java-vuln-detection/slicing/output/CPG/c/cwe400_cpg/cwe400-714-cpg-resolved.bin	tc714_flow2	CWE400_Resource_Exhaustion__rand_sleep_72a.cpp	78	CWE400_Resource_Exhaustion__rand_sleep_72b.cpp	63
/home/swlab-jueon/swvul/tools/java-vuln-detection/slicing/output/CPG/c/cwe400_cpg/cwe400-714-cpg-resolved.bin	tc714_flow3	CWE400_Resource_Exhaustion__rand_sleep_72a.cpp	60	CWE400_Resource_Exhaustion__rand_sleep_72b.cpp	54
/home/swlab-jueon/swvul/tools/java-vuln-detection/slicing/output/CPG/c/cwe400_cpg/cwe400-715-cpg-resolved.bin	tc715_flow1	CWE400_Resource_Exhaustion__rand_sleep_73a.cpp	38	CWE400_Resource_Exhaustion__rand_sleep_73b.cpp	41
/home/swlab-jueon/swvul/tools/java-vuln-detection/slicing/output/CPG/c/cwe400_cpg/cwe400-715-cpg-resolved.bin	tc715_flow2	CWE400_Resource_Exhaustion__rand_sleep_73a.cpp	78	CWE400_Resource_Exhaustion__rand_sleep_73b.cpp	63
/home/swlab-jueon/swvul/tools/java-vuln-detection/slicing/output/CPG/c/cwe400_cpg/cwe400-715-cpg-resolved.bin	tc715_flow3	CWE400_Resource_Exhaustion__rand_sleep_73a.cpp	60	CWE400_Resource_Exhaustion__rand_sleep_73b.cpp	54
/home/swlab-jueon/swvul/tools/java-vuln-detection/slicing/output/CPG/c/cwe400_cpg/cwe400-716-cpg-resolved.bin	tc716_flow1	CWE400_Resource_Exhaustion__rand_sleep_74a.cpp	38	CWE400_Resource_Exhaustion__rand_sleep_74b.cpp	41
/home/swlab-jueon/swvul/tools/java-vuln-detection/slicing/output/CPG/c/cwe400_cpg/cwe400-716-cpg-resolved.bin	tc716_flow2	CWE400_Resource_Exhaustion__rand_sleep_74a.cpp	78	CWE400_Resource_Exhaustion__rand_sleep_74b.cpp	63
/home/swlab-jueon/swvul/tools/java-vuln-detection/slicing/output/CPG/c/cwe400_cpg/cwe400-716-cpg-resolved.bin	tc716_flow3	CWE400_Resource_Exhaustion__rand_sleep_74a.cpp	60	CWE400_Resource_Exhaustion__rand_sleep_74b.cpp	54
/home/swlab-jueon/swvul/tools/java-vuln-detection/slicing/output/CPG/c/cwe400_cpg/cwe400-717-cpg-resolved.bin	tc717_flow1	CWE400_Resource_Exhaustion__rand_sleep_81a.cpp	32	CWE400_Resource_Exhaustion__rand_sleep_81_bad.cpp	36
/home/swlab-jueon/swvul/tools/java-vuln-detection/slicing/output/CPG/c/cwe400_cpg/cwe400-717-cpg-resolved.bin	tc717_flow2	CWE400_Resource_Exhaustion__rand_sleep_81a.cpp	60	CWE400_Resource_Exhaustion__rand_sleep_81_goodB2G.cpp	36
/home/swlab-jueon/swvul/tools/java-vuln-detection/slicing/output/CPG/c/cwe400_cpg/cwe400-717-cpg-resolved.bin	tc717_flow3	CWE400_Resource_Exhaustion__rand_sleep_81a.cpp	48	CWE400_Resource_Exhaustion__rand_sleep_81_goodG2B.cpp	36
/home/swlab-jueon/swvul/tools/java-vuln-detection/slicing/output/CPG/c/cwe400_cpg/cwe400-718-cpg-resolved.bin	tc718_flow1	CWE400_Resource_Exhaustion__rand_sleep_82a.cpp	32	CWE400_Resource_Exhaustion__rand_sleep_82_bad.cpp	36
/home/swlab-jueon/swvul/tools/java-vuln-detection/slicing/output/CPG/c/cwe400_cpg/cwe400-718-cpg-resolved.bin	tc718_flow2	CWE400_Resource_Exhaustion__rand_sleep_82a.cpp	62	CWE400_Resource_Exhaustion__rand_sleep_82_goodB2G.cpp	36
/home/swlab-jueon/swvul/tools/java-vuln-detection/slicing/output/CPG/c/cwe400_cpg/cwe400-718-cpg-resolved.bin	tc718_flow3	CWE400_Resource_Exhaustion__rand_sleep_82a.cpp	49	CWE400_Resource_Exhaustion__rand_sleep_82_goodG2B.cpp	36
